0 0.114 0.5792880258899676 0.072 0.08414239482200647
0 0.192 0.49029126213592233 0.032 0.04854368932038835
0 0.892 0.4449838187702265 0.06 0.061488673139158574
0 0.838 0.49838187702265374 0.04 0.05177993527508091
0 0.712 0.5048543689320388 0.04 0.05177993527508091
0 0.588 0.46601941747572817 0.076 0.07766990291262135
0 0.493 0.558252427184466 0.026 0.03559870550161812
0 0.422 0.5194174757281553 0.044 0.05501618122977346
0 0.386 0.5307443365695793 0.02 0.045307443365695796
0 0.349 0.5372168284789643 0.03 0.045307443365695796
0 0.256 0.5339805825242718 0.072 0.07766990291262135
1 0.114 0.8236245954692557 0.136 0.32038834951456313
1 0.184 0.6019417475728155 0.084 0.1553398058252427
1 0.265 0.7605177993527508 0.122 0.31715210355987056
1 0.288 0.5744336569579288 0.028 0.05501618122977346
1 0.918 0.6343042071197411 0.1 0.2459546925566343
1 0.838 0.63915857605178 0.056 0.18446601941747573
1 0.718 0.6521035598705501 0.076 0.1779935275080906
1 0.605 0.7378640776699029 0.142 0.34951456310679613
1 0.498 0.6359223300970874 0.044 0.11326860841423948
1 0.38 0.6521035598705501 0.048 0.15857605177993528
1 0.339 0.6343042071197411 0.05 0.1488673139158576
1 0.438 0.6974110032362459 0.124 0.23624595469255663
