0 0.09748892171344166 0.11662198391420911 0.1861152141802068 0.21179624664879357
0 0.30280649926144754 0.13136729222520108 0.19202363367799113 0.21983914209115282
0 0.4985228951255539 0.1193029490616622 0.16986706056129985 0.22788203753351208
0 0.6838995568685377 0.11394101876675604 0.1861152141802068 0.2225201072386059
0 0.8929098966026587 0.1193029490616622 0.18759231905465287 0.21179624664879357
0 0.08936484490398819 0.467828418230563 0.1757754800590842 0.2386058981233244
0 0.2998522895125554 0.47587131367292224 0.18906942392909898 0.21715817694369974
0 0.5059084194977843 0.4745308310991957 0.172821270310192 0.20911528150134048
0 0.6949778434268833 0.47989276139410186 0.18168389955686853 0.2037533512064343
0 0.9135893648449039 0.4584450402144772 0.16986706056129985 0.2037533512064343
0 0.08936484490398819 0.8096514745308311 0.1757754800590842 0.19839142091152814
0 0.2968980797636632 0.8083109919571045 0.1831610044313146 0.23324396782841822
0 0.5110782865583456 0.7949061662198391 0.17725258493353027 0.21179624664879357
0 0.7045790251107829 0.824396782841823 0.17725258493353027 0.19571045576407506
0 0.9039881831610044 0.8190348525469169 0.1861152141802068 0.2064343163538874
