0 0.07888349514563107 0.071 0.0703883495145631 0.042
0 0.2669902912621359 0.06 0.05339805825242718 0.052
0 0.6978155339805825 0.058 0.06553398058252427 0.048
0 0.9429611650485437 0.02 0.0703883495145631 0.028
0 0.9696601941747572 0.056 0.050970873786407765 0.036
1 0.0691747572815534 0.184 0.09951456310679611 0.152
1 0.28398058252427183 0.17 0.17475728155339806 0.14
1 0.6747572815533981 0.157 0.09223300970873786 0.138
1 0.9320388349514563 0.092 0.05825242718446602 0.04
1 0.9466019417475728 0.175 0.10194174757281553 0.158
