0 0.7962515114873036 0.7586330935251798 0.16324062877871826 0.11870503597122302
0 0.8428053204353083 0.6302158273381295 0.1523579201934704 0.1223021582733813
0 0.7992744860943168 0.49712230215827335 0.1523579201934704 0.12086330935251799
0 0.7974607013301088 0.37050359712230213 0.15598548972188633 0.11654676258992806
0 0.7974607013301088 0.2489208633093525 0.1656590084643289 0.13237410071942446
0 0.6058041112454655 0.7557553956834533 0.17412333736396615 0.12446043165467625
0 0.41717049576783555 0.7406474820143885 0.15719467956469166 0.1316546762589928
0 0.22430471584038694 0.7607913669064749 0.15356711003627568 0.13884892086330936
0 0.49818621523579204 0.6273381294964029 0.154776299879081 0.1510791366906475
0 0.6717049576783555 0.6320143884892087 0.15356711003627568 0.14172661870503597
0 0.3234582829504232 0.6266187050359712 0.1656590084643289 0.1366906474820144
0 0.22914147521160821 0.49640287769784175 0.1608222490931076 0.13525179856115108
0 0.19528415961305925 0.6273381294964029 0.09552599758162031 0.11654676258992806
0 0.2249093107617896 0.373021582733813 0.16203143893591293 0.12446043165467625
0 0.40931076178960096 0.360431654676259 0.15840386940749698 0.1366906474820144
0 0.6003627569528416 0.3762589928057554 0.15114873035066506 0.1366906474820144
0 0.6064087061668681 0.4935251798561151 0.15840386940749698 0.11942446043165468
0 0.619105199516324 0.25719424460431656 0.1596130592503023 0.12302158273381295
0 0.43893591293833134 0.24856115107913668 0.16928657799274485 0.12446043165467625
0 0.23397823458282951 0.2420863309352518 0.17533252720677148 0.12446043165467625
