0 0.11 0.4264264264264264 0.08 0.07807807807807808
0 0.171 0.35735735735735735 0.058 0.06006006006006006
0 0.207 0.3003003003003003 0.054 0.04804804804804805
0 0.24 0.24474474474474475 0.048 0.04504504504504504
0 0.311 0.23723723723723725 0.046 0.06006006006006006
0 0.232 0.4084084084084084 0.072 0.07807807807807808
0 0.407 0.4099099099099099 0.07 0.06306306306306306
0 0.471 0.1891891891891892 0.058 0.06006006006006006
0 0.499 0.27177177177177175 0.058 0.06306306306306306
0 0.521 0.3978978978978979 0.066 0.07507507507507508
0 0.576 0.2222222222222222 0.068 0.05405405405405406
0 0.573 0.43543543543543545 0.07 0.08408408408408409
0 0.744 0.4189189189189189 0.076 0.07507507507507508
0 0.893 0.44594594594594594 0.086 0.09309309309309309
0 0.723 0.8453453453453453 0.078 0.12312312312312312
