0 0.0825 0.2925 0.0375 0.065
0 0.155625 0.2841666666666667 0.03375 0.06166666666666667
0 0.19125 0.31166666666666665 0.03 0.056666666666666664
0 0.225625 0.3025 0.03125 0.065
0 0.2603125 0.31 0.029375 0.05333333333333334
0 0.2865625 0.26416666666666666 0.035625 0.045
0 0.2940625 0.33 0.034375 0.05333333333333334
0 0.329375 0.3 0.03125 0.056666666666666664
0 0.3671875 0.29833333333333334 0.025625 0.05333333333333334
0 0.4228125 0.3466666666666667 0.036875 0.05
0 0.4221875 0.3025 0.030625 0.045
0 0.47125 0.33916666666666667 0.0325 0.051666666666666666
0 0.48 0.2708333333333333 0.03625 0.041666666666666664
0 0.485 0.5291666666666667 0.03 0.058333333333333334
0 0.520625 0.38916666666666666 0.03375 0.06166666666666667
0 0.515625 0.30833333333333335 0.0275 0.043333333333333335
0 0.5403125 0.2791666666666667 0.015625 0.035
0 0.553125 0.31166666666666665 0.02625 0.06
0 0.55625 0.51 0.03625 0.06
0 0.6309375 0.4975 0.036875 0.06833333333333333
0 0.595625 0.31583333333333335 0.03 0.051666666666666666
0 0.6228125 0.2891666666666667 0.029375 0.051666666666666666
0 0.658125 0.31666666666666665 0.03125 0.04666666666666667
0 0.6925 0.3016666666666667 0.02875 0.04
0 0.7221875 0.3516666666666667 0.031875 0.05333333333333334
0 0.7746875 0.3025 0.026875 0.051666666666666666
0 0.82625 0.2841666666666667 0.0325 0.06166666666666667
