0 0.101 0.45956873315363883 0.018 0.04582210242587601
0 0.17 0.46630727762803237 0.024 0.026954177897574125
0 0.195 0.46495956873315364 0.034 0.029649595687331536
0 0.223 0.4501347708894879 0.03 0.03234501347708895
0 0.381 0.4555256064690027 0.038 0.03773584905660377
0 0.411 0.46495956873315364 0.03 0.029649595687331536
0 0.449 0.46495956873315364 0.03 0.03504043126684636
0 0.504 0.4272237196765499 0.044 0.05660377358490566
0 0.537 0.46765498652291104 0.03 0.029649595687331536
0 0.601 0.4716981132075472 0.026 0.026954177897574125
0 0.684 0.36253369272237196 0.048 0.05121293800539083
0 0.79 0.3894878706199461 0.068 0.0673854447439353
0 0.833 0.4191374663072776 0.054 0.04582210242587601
0 0.92 0.4366576819407008 0.056 0.04851752021563342
1 0.764 0.48921832884097033 0.076 0.15363881401617252
