0 0.5020040080160321 0.4024024024024024 0.35070140280561124 0.5405405405405406
0 0.8236472945891784 0.2987987987987988 0.10020040080160321 0.21921921921921922
0 0.8326653306613226 0.06006006006006006 0.11823647294589178 0.12012012012012012
0 0.7324649298597194 0.04954954954954955 0.09819639278557114 0.0990990990990991
0 0.624248496993988 0.06906906906906907 0.13026052104208416 0.13813813813813813
0 0.35370741482965934 0.07207207207207207 0.1462925851703407 0.14414414414414414
0 0.1963927855711423 0.06606606606606606 0.1523046092184369 0.13213213213213212
0 0.036072144288577156 0.05855855855855856 0.07214428857715431 0.11711711711711711
0 0.04909819639278557 0.3783783783783784 0.09819639278557114 0.29429429429429427
0 0.06212424849699399 0.8408408408408409 0.12424849699398798 0.2222222222222222
