0 0.407 0.472 0.038 0.058666666666666666
0 0.223 0.44266666666666665 0.038 0.02666666666666667
0 0.186 0.476 0.036 0.050666666666666665
0 0.128 0.44533333333333336 0.036 0.048
0 0.457 0.49466666666666664 0.03 0.06133333333333333
0 0.828 0.496 0.036 0.042666666666666665
0 0.793 0.45866666666666667 0.038 0.048
0 0.761 0.4746666666666667 0.042 0.042666666666666665
0 0.721 0.4533333333333333 0.038 0.05333333333333334
0 0.697 0.45066666666666666 0.022 0.032
0 0.692 0.49866666666666665 0.032 0.048
0 0.673 0.47733333333333333 0.034 0.032
0 0.634 0.48933333333333334 0.048 0.056
0 0.599 0.472 0.022 0.048
0 0.564 0.44533333333333336 0.036 0.05333333333333334
0 0.537 0.4613333333333333 0.03 0.042666666666666665
0 0.505 0.48 0.022 0.021333333333333333
0 0.49 0.4693333333333333 0.04 0.058666666666666666
0 0.43 0.456 0.024 0.021333333333333333
0 0.378 0.47333333333333333 0.02 0.034666666666666665
