0 0.936 0.5653333333333334 0.068 0.09066666666666667
0 0.884 0.5733333333333334 0.032 0.058666666666666666
0 0.813 0.588 0.042 0.04533333333333334
0 0.725 0.616 0.094 0.08
0 0.576 0.5773333333333334 0.084 0.07733333333333334
0 0.638 0.6333333333333333 0.056 0.06666666666666667
0 0.499 0.608 0.054 0.048
0 0.426 0.5946666666666667 0.06 0.06933333333333333
0 0.347 0.5693333333333334 0.086 0.07733333333333334
0 0.263 0.6173333333333333 0.058 0.07733333333333334
0 0.161 0.6346666666666667 0.05 0.048
1 0.14 0.7506666666666667 0.072 0.152
0 0.983 0.6066666666666667 0.03 0.050666666666666665
0 0.854 0.5813333333333334 0.04 0.048
0 0.78 0.6053333333333333 0.028 0.037333333333333336
1 0.953 0.7653333333333333 0.09 0.21866666666666668
1 0.897 0.7213333333333334 0.038 0.16266666666666665
1 0.859 0.72 0.058 0.15466666666666667
1 0.822 0.6493333333333333 0.032 0.04533333333333334
1 0.782 0.6746666666666666 0.04 0.042666666666666665
1 0.736 0.7626666666666667 0.096 0.14933333333333335
1 0.667 0.7533333333333333 0.034 0.168
1 0.587 0.7573333333333333 0.118 0.18666666666666668
1 0.519 0.74 0.054 0.16266666666666665
1 0.459 0.7373333333333333 0.066 0.17866666666666667
1 0.372 0.7586666666666667 0.068 0.18933333333333333
1 0.282 0.7186666666666667 0.072 0.10933333333333334
