0 0.7786666666666666 0.304 0.18133333333333335 0.192
0 0.03333333333333333 0.257 0.06666666666666667 0.05
0 0.10533333333333333 0.325 0.11466666666666667 0.086
0 0.23733333333333334 0.317 0.15466666666666667 0.102
0 0.368 0.378 0.042666666666666665 0.048
0 0.92 0.334 0.10666666666666667 0.104
0 0.98 0.408 0.034666666666666665 0.044
0 0.6506666666666666 0.402 0.08 0.052
0 0.608 0.392 0.05333333333333334 0.048
0 0.5706666666666667 0.371 0.042666666666666665 0.05
0 0.5 0.414 0.14133333333333334 0.108
