0 0.026 0.42 0.052 0.06133333333333333
0 0.134 0.4226666666666667 0.064 0.06133333333333333
0 0.269 0.2786666666666667 0.054 0.050666666666666665
0 0.345 0.25866666666666666 0.046 0.048
0 0.958 0.45866666666666667 0.072 0.07466666666666667
0 0.869 0.448 0.066 0.07466666666666667
0 0.76 0.4093333333333333 0.06 0.056
0 0.682 0.18933333333333333 0.048 0.048
0 0.668 0.44133333333333336 0.06 0.050666666666666665
0 0.622 0.2946666666666667 0.052 0.04533333333333334
0 0.553 0.21733333333333332 0.046 0.050666666666666665
0 0.496 0.36933333333333335 0.064 0.06133333333333333
0 0.474 0.2813333333333333 0.032 0.029333333333333333
0 0.383 0.4093333333333333 0.05 0.056
0 0.391 0.35733333333333334 0.046 0.037333333333333336
0 0.342 0.44 0.04 0.042666666666666665
1 0.693 0.36133333333333334 0.094 0.2
1 0.349 0.37733333333333335 0.074 0.104
1 0.275 0.43333333333333335 0.106 0.184
1 0.953 0.6573333333333333 0.09 0.22666666666666666
1 0.873 0.6613333333333333 0.114 0.272
1 0.761 0.6093333333333333 0.126 0.22666666666666666
1 0.663 0.6173333333333333 0.11 0.232
1 0.459 0.3973333333333333 0.058 0.10666666666666667
1 0.56 0.372 0.1 0.152
1 0.431 0.4613333333333333 0.058 0.10133333333333333
1 0.503 0.548 0.126 0.248
1 0.38 0.6 0.12 0.24533333333333332
1 0.316 0.6306666666666667 0.036 0.216
1 0.251 0.5786666666666667 0.118 0.22933333333333333
1 0.153 0.588 0.134 0.21066666666666667
1 0.043 0.6013333333333334 0.086 0.23733333333333334
1 0.624 0.46 0.088 0.184
