0 0.695 0.463254593175853 0.054 0.04461942257217848
0 0.588 0.4645669291338583 0.044 0.03674540682414698
0 0.519 0.473753280839895 0.05 0.06036745406824147
0 0.482 0.46981627296587924 0.028 0.03674540682414698
0 0.377 0.4776902887139108 0.038 0.05249343832020997
1 0.36 0.5931758530183727 0.116 0.1732283464566929
1 0.457 0.594488188976378 0.058 0.19160104986876642
1 0.506 0.60498687664042 0.088 0.16010498687664043
1 0.585 0.6207349081364829 0.118 0.2388451443569554
1 0.699 0.6010498687664042 0.09 0.1784776902887139
