0 0.523 0.324 0.098 0.07733333333333334
0 0.67 0.408 0.032 0.048
0 0.626 0.388 0.032 0.034666666666666665
0 0.597 0.3893333333333333 0.042 0.037333333333333336
0 0.42 0.36933333333333335 0.052 0.06133333333333333
0 0.366 0.37733333333333335 0.052 0.07733333333333334
0 0.244 0.35733333333333334 0.068 0.064
0 0.161 0.312 0.086 0.06933333333333333
0 0.923 0.37333333333333335 0.046 0.042666666666666665
0 0.878 0.4066666666666667 0.024 0.024
0 0.822 0.3973333333333333 0.044 0.037333333333333336
