0 0.034 0.3 0.064 0.088
0 0.98 0.17733333333333334 0.036 0.08266666666666667
0 0.829 0.18 0.098 0.088
0 0.703 0.22133333333333333 0.07 0.058666666666666666
0 0.605 0.232 0.034 0.032
0 0.563 0.25733333333333336 0.046 0.050666666666666665
0 0.505 0.232 0.026 0.037333333333333336
0 0.393 0.3 0.054 0.04533333333333334
0 0.403 0.25066666666666665 0.042 0.032
0 0.199 0.27066666666666667 0.038 0.029333333333333333
0 0.198 0.31066666666666665 0.032 0.04
0 0.167 0.3253333333333333 0.086 0.06933333333333333
