1 0.247265625 0.2798611111111111 0.11796875 0.23472222222222222
1 0.4984375 0.3236111111111111 0.0890625 0.20555555555555555
0 0.48828125 0.1763888888888889 0.0484375 0.041666666666666664
0 0.26015625 0.11458333333333333 0.065625 0.07083333333333333
0 0.422265625 0.39861111111111114 0.02890625 0.027777777777777776
0 0.33671875 0.39444444444444443 0.0359375 0.027777777777777776
0 0.3140625 0.3888888888888889 0.0234375 0.022222222222222223
0 0.3625 0.4395833333333333 0.0234375 0.020833333333333332
1 0.43046875 0.4895833333333333 0.05 0.10694444444444444
1 0.3 0.48819444444444443 0.0328125 0.11805555555555555
