0 0.15 0.14714714714714713 0.152 0.27627627627627627
0 0.325 0.16366366366366367 0.13 0.2912912912912913
0 0.473 0.1966966966966967 0.146 0.2672672672672673
0 0.653 0.1906906906906907 0.154 0.26126126126126126
0 0.847 0.16516516516516516 0.158 0.3063063063063063
0 0.855 0.5 0.17 0.2972972972972973
0 0.682 0.4924924924924925 0.16 0.2702702702702703
0 0.503 0.484984984984985 0.162 0.26126126126126126
0 0.33 0.49099099099099097 0.16 0.3153153153153153
0 0.151 0.49099099099099097 0.158 0.2912912912912913
0 0.141 0.8153153153153153 0.174 0.27927927927927926
0 0.327 0.7972972972972973 0.17 0.2912912912912913
0 0.506 0.8123123123123123 0.164 0.32732732732732733
0 0.691 0.7552552552552553 0.15 0.3153153153153153
0 0.87 0.7912912912912913 0.164 0.2852852852852853
