0 0.12338709677419354 0.075 0.07258064516129033 0.09
0 0.2862903225806452 0.13166666666666665 0.08225806451612903 0.09666666666666666
0 0.3919354838709677 0.14666666666666667 0.07741935483870968 0.1
0 0.5975806451612903 0.13 0.07258064516129033 0.10666666666666667
0 0.7661290322580645 0.14833333333333334 0.08064516129032258 0.12333333333333334
0 0.9451612903225807 0.15166666666666667 0.07096774193548387 0.09
1 0.10564516129032259 0.3416666666666667 0.13709677419354838 0.33
1 0.2709677419354839 0.4066666666666667 0.14516129032258066 0.44
1 0.40241935483870966 0.38333333333333336 0.1338709677419355 0.32
1 0.5951612903225807 0.37 0.12258064516129032 0.34
1 0.7629032258064516 0.4083333333333333 0.12580645161290321 0.33666666666666667
1 0.9443548387096774 0.4166666666666667 0.10806451612903226 0.36666666666666664
