0 0.071 0.0807799442896936 0.098 0.08913649025069638
0 0.279 0.38440111420612816 0.03 0.04456824512534819
0 0.196 0.4401114206128134 0.028 0.033426183844011144
0 0.879 0.38857938718662954 0.066 0.052924791086350974
0 0.908 0.23676880222841226 0.02 0.03899721448467967
0 0.697 0.20612813370473537 0.03 0.04456824512534819
0 0.509 0.5877437325905293 0.03 0.05013927576601671
0 0.77 0.4554317548746518 0.02 0.025069637883008356
0 0.367 0.4220055710306407 0.03 0.025069637883008356
0 0.53 0.38579387186629527 0.024 0.025069637883008356
