0 0.20666666666666667 0.5133928571428571 0.2733333333333333 0.44642857142857145
0 0.345 0.8482142857142857 0.2633333333333333 0.2857142857142857
0 0.09833333333333333 0.8325892857142857 0.19666666666666666 0.32589285714285715
0 0.3383333333333333 0.17633928571428573 0.24333333333333335 0.35267857142857145
0 0.11166666666666666 0.15848214285714285 0.22333333333333333 0.3169642857142857
0 0.5066666666666667 0.5 0.2866666666666667 0.45535714285714285
0 0.6283333333333333 0.15848214285714285 0.2833333333333333 0.29910714285714285
0 0.885 0.16517857142857142 0.22333333333333333 0.33035714285714285
0 0.7866666666666666 0.4955357142857143 0.2733333333333333 0.4732142857142857
0 0.64 0.8459821428571429 0.28 0.29910714285714285
0 0.8833333333333333 0.8392857142857143 0.22666666666666666 0.3125
