0 0.7638461538461538 0.6961297071129707 0.27076923076923076 0.3817991631799163
0 0.5011538461538462 0.6710251046025104 0.2423076923076923 0.36297071129707115
0 0.24346153846153845 0.6976987447698745 0.2561538461538462 0.3702928870292887
0 0.07192307692307692 0.680439330543933 0.14384615384615385 0.37552301255230125
0 0.9411538461538461 0.7055439330543933 0.11615384615384615 0.37552301255230125
0 0.7296153846153847 0.4827405857740586 0.1946153846153846 0.2625523012552301
0 0.91 0.475418410041841 0.17384615384615384 0.2897489539748954
0 0.5230769230769231 0.4602510460251046 0.21076923076923076 0.2698744769874477
0 0.31384615384615383 0.475418410041841 0.20153846153846153 0.2792887029288703
0 0.1226923076923077 0.4367154811715481 0.2053846153846154 0.3043933054393305
0 0.87 0.3174686192468619 0.1753846153846154 0.21652719665271966
0 0.695 0.3284518828451883 0.1823076923076923 0.21548117154811716
0 0.5165384615384615 0.3148535564853556 0.17153846153846153 0.1903765690376569
0 0.3415384615384615 0.30073221757322177 0.18769230769230769 0.21234309623430964
0 0.1773076923076923 0.3111924686192469 0.15615384615384614 0.1684100418410042
0 0.806923076923077 0.22071129707112971 0.1476923076923077 0.17573221757322174
0 0.6526923076923077 0.22594142259414227 0.15153846153846154 0.17573221757322174
0 0.5015384615384615 0.22751046025104602 0.14153846153846153 0.16631799163179917
0 0.3565384615384615 0.2055439330543933 0.14846153846153845 0.1579497907949791
0 0.20961538461538462 0.2065899581589958 0.12230769230769231 0.14958158995815898
0 0.055 0.274581589958159 0.11 0.1809623430962343
0 0.07576923076923077 0.18514644351464435 0.14076923076923076 0.15481171548117154
0 0.11730769230769231 0.10721757322175732 0.13153846153846155 0.12866108786610878
0 0.3811538461538462 0.13179916317991633 0.12538461538461537 0.12133891213389121
0 0.24884615384615386 0.11349372384937238 0.12230769230769231 0.12656903765690378
0 0.5192307692307693 0.12709205020920503 0.12923076923076923 0.151673640167364
0 0.6407692307692308 0.12761506276150628 0.13230769230769232 0.14435146443514643
0 0.7761538461538462 0.1297071129707113 0.13076923076923078 0.15481171548117154
