0 0.174 0.35135135135135137 0.1 0.08408408408408409
0 0.309 0.42492492492492495 0.078 0.07507507507507508
0 0.425 0.36936936936936937 0.106 0.10810810810810811
0 0.542 0.3768768768768769 0.084 0.09309309309309309
0 0.596 0.3993993993993994 0.048 0.05405405405405406
0 0.707 0.4039039039039039 0.146 0.15915915915915915
0 0.811 0.43243243243243246 0.038 0.06606606606606606
1 0.188 0.6621621621621622 0.188 0.3993993993993994
1 0.325 0.6456456456456456 0.114 0.2882882882882883
0 0.494 0.43993993993993996 0.06 0.06306306306306306
1 0.474 0.6861861861861862 0.152 0.42342342342342343
1 0.585 0.6291291291291291 0.082 0.33933933933933935
1 0.732 0.8018018018018018 0.184 0.39039039039039036
1 0.834 0.5465465465465466 0.04 0.12612612612612611
1 0.911 0.5480480480480481 0.086 0.15315315315315314
