0 0.265 0.12533333333333332 0.11 0.10666666666666667
0 0.038 0.216 0.076 0.128
0 0.088 0.2986666666666667 0.06 0.09066666666666667
0 0.202 0.20933333333333334 0.064 0.07733333333333334
0 0.379 0.268 0.058 0.08266666666666667
0 0.443 0.264 0.09 0.112
0 0.542 0.29333333333333333 0.092 0.096
0 0.614 0.264 0.076 0.08
0 0.738 0.19466666666666665 0.1 0.10133333333333333
0 0.954 0.296 0.084 0.096
0 0.868 0.24133333333333334 0.056 0.06133333333333333
0 0.813 0.21733333333333332 0.078 0.08266666666666667
