0 0.345 0.25597269624573377 0.082 0.10238907849829351
0 0.545 0.44880546075085326 0.026 0.03754266211604096
0 0.682 0.3174061433447099 0.056 0.08191126279863481
0 0.783 0.33447098976109213 0.062 0.06825938566552901
1 0.353 0.5460750853242321 0.182 0.3412969283276451
1 0.054 0.5665529010238908 0.072 0.11604095563139932
1 0.006 0.5699658703071673 0.012 0.13651877133105803
1 0.552 0.568259385665529 0.064 0.18088737201365188
1 0.667 0.48976109215017066 0.118 0.22866894197952217
1 0.795 0.5034129692832765 0.078 0.2150170648464164
