0 0.843 0.24331550802139038 0.07 0.08021390374331551
0 0.727 0.2232620320855615 0.066 0.08288770053475936
0 0.669 0.25668449197860965 0.066 0.06417112299465241
0 0.602 0.2606951871657754 0.056 0.05614973262032086
0 0.543 0.24064171122994651 0.054 0.0748663101604278
0 0.501 0.19385026737967914 0.066 0.06149732620320856
0 0.426 0.4050802139037433 0.06 0.07754010695187166
0 0.409 0.2647058823529412 0.058 0.0748663101604278
0 0.328 0.20855614973262032 0.048 0.0427807486631016
0 0.347 0.4959893048128342 0.062 0.07754010695187166
0 0.265 0.45187165775401067 0.062 0.053475935828877004
0 0.212 0.2820855614973262 0.06 0.06149732620320856
0 0.213 0.5254010695187166 0.062 0.08288770053475936
0 0.114 0.30080213903743314 0.056 0.05614973262032086
