0 0.141 0.17259786476868327 0.07 0.08185053380782918
0 0.938 0.4199288256227758 0.06 0.099644128113879
0 0.658 0.2775800711743772 0.044 0.06405693950177936
0 0.621 0.3505338078291815 0.054 0.07473309608540925
0 0.569 0.2580071174377224 0.046 0.046263345195729534
0 0.56 0.3291814946619217 0.068 0.060498220640569395
0 0.46 0.297153024911032 0.032 0.060498220640569395
0 0.423 0.24733096085409254 0.054 0.03914590747330961
0 0.328 0.2775800711743772 0.056 0.05693950177935943
0 0.256 0.22419928825622776 0.076 0.07829181494661921
