0 0.20588235294117646 0.5096618357487923 0.24458204334365324 0.5072463768115942
0 0.5 0.5024154589371981 0.25077399380804954 0.4927536231884058
0 0.34674922600619196 0.855072463768116 0.24148606811145512 0.27053140096618356
0 0.6455108359133127 0.857487922705314 0.2631578947368421 0.26570048309178745
0 0.10061919504643962 0.8454106280193237 0.19504643962848298 0.2898550724637681
0 0.09907120743034056 0.13768115942028986 0.19814241486068113 0.2753623188405797
0 0.33746130030959753 0.1570048309178744 0.22910216718266255 0.3140096618357488
0 0.781733746130031 0.5048309178743962 0.2755417956656347 0.5458937198067633
0 0.891640866873065 0.13768115942028986 0.21052631578947367 0.26570048309178745
0 0.6269349845201239 0.14492753623188406 0.2693498452012384 0.2898550724637681
