0 0.09519038076152304 0.17597765363128492 0.08617234468937876 0.07262569832402235
0 0.41783567134268534 0.21368715083798884 0.07414829659318638 0.08100558659217877
0 0.5601202404809619 0.22905027932960895 0.06212424849699399 0.0670391061452514
0 0.7114228456913828 0.24720670391061453 0.06012024048096192 0.09217877094972067
0 0.7525050100200401 0.28631284916201116 0.026052104208416832 0.04189944134078212
0 0.8176352705410822 0.29748603351955305 0.04408817635270541 0.05865921787709497
1 0.06913827655310621 0.3924581005586592 0.11823647294589178 0.276536312849162
1 0.37675350701402804 0.3770949720670391 0.11623246492985972 0.24581005586592178
1 0.5531062124248497 0.388268156424581 0.10020040080160321 0.2011173184357542
1 0.6533066132264529 0.38268156424581007 0.07615230460921844 0.22346368715083798
1 0.7324649298597194 0.4245810055865922 0.07014028056112225 0.19553072625698323
1 0.8076152304609219 0.4371508379888268 0.09619238476953908 0.19832402234636873
