2 0.9218436873747495 0.7881040892193308 0.156312625250501 0.42379182156133827
2 0.05911823647294589 0.5408921933085502 0.11823647294589178 0.9182156133828996
2 0.22845691382765532 0.7323420074349443 0.22044088176352705 0.5278810408921933
2 0.42384769539078154 0.7620817843866171 0.23046092184368738 0.4758364312267658
2 0.27955911823647295 0.32342007434944237 0.12224448897795591 0.29739776951672864
2 0.6192384769539078 0.7695167286245354 0.20841683366733466 0.46096654275092935
2 0.7785571142284569 0.5297397769516728 0.1623246492985972 0.5092936802973977
2 0.9218436873747495 0.5 0.14829659318637275 0.4052044609665427
2 0.9218436873747495 0.7881040892193308 0.156312625250501 0.42379182156133827
2 0 59 -225 22
2 59 169 -16 126
2 154 269 13 141
2 109 170 -33 47
2 257 361 21 145
2 348 429 -63 74
2 423 497 -29 80
2 421 499 41 155
2 0 59 -225 22
2 59 169 -16 126
2 154 269 13 141
2 109 170 -33 47
2 257 361 21 145
2 348 429 -63 74
2 423 497 -29 80
2 421 499 41 155
2 0 59 -225 22
2 59 169 -16 126
2 154 269 13 141
2 109 170 -33 47
2 257 361 21 145
2 348 429 -63 74
2 423 497 -29 80
2 421 499 41 155
