2 0.47 0.5093333333333333 0.428 0.4106666666666667
2 0.826 0.716 0.288 0.568
2 0.608 0.748 0.216 0.504
2 0.448 0.7413333333333333 0.208 0.5173333333333333
2 0.278 0.7586666666666667 0.328 0.4826666666666667
2 0.169 0.692 0.334 0.616
2 0.47 0.5093333333333333 0.428 0.4106666666666667
2 341 485 -51 162
2 250 358 -3 186
2 172 276 -13 181
2 57 221 13 194
2 1 168 -87 144
2 128 342 -40 114
2 341 485 -51 162
2 250 358 -3 186
2 172 276 -13 181
2 57 221 13 194
2 1 168 -87 144
2 128 342 -40 114
2 341 485 -51 162
2 250 358 -3 186
2 172 276 -13 181
2 57 221 13 194
2 1 168 -87 144
2 128 342 -40 114
