2 0.219 0.29333333333333333 0.09 0.176
2 0.17 0.5546666666666666 0.188 0.33066666666666666
2 0.359 0.5506666666666666 0.15 0.344
2 0.515 0.5666666666666667 0.138 0.3333333333333333
2 0.656 0.5546666666666666 0.132 0.3413333333333333
2 0.74 0.42533333333333334 0.096 0.5466666666666666
2 0.645 0.296 0.062 0.16
2 0.538 0.3 0.116 0.184
2 0.432 0.3 0.092 0.168
2 0.327 0.2813333333333333 0.094 0.19466666666666665
2 0.219 0.29333333333333333 0.09 0.176
2 38 132 22 146
2 142 217 13 142
2 223 292 25 150
2 295 361 16 144
2 346 394 -148 57
2 307 338 21 81
2 240 298 9 78
2 193 239 18 81
2 140 187 -4 69
2 87 132 11 77
2 38 132 22 146
2 142 217 13 142
2 223 292 25 150
2 295 361 16 144
2 346 394 -148 57
2 307 338 21 81
2 240 298 9 78
2 193 239 18 81
2 140 187 -4 69
2 87 132 11 77
2 38 132 22 146
2 142 217 13 142
2 223 292 25 150
2 295 361 16 144
2 346 394 -148 57
2 307 338 21 81
2 240 298 9 78
2 193 239 18 81
2 140 187 -4 69
2 87 132 11 77
