2 0.3076152304609218 0.6396396396396397 0.21442885771543085 0.7207207207207207
2 0.503006012024048 0.6621621621621622 0.2565130260521042 0.6636636636636637
2 0.7374749498997996 0.6306306306306306 0.18036072144288579 0.7027027027027027
2 0.8947895791583166 0.6306306306306306 0.21042084168336672 0.7387387387387387
2 0.10521042084168336 0.6921921921921922 0.21042084168336672 0.6156156156156156
2 0.3076152304609218 0.6396396396396397 0.21442885771543085 0.7207207207207207
2 187 315 -111 110
2 323 413 -141 93
2 394 499 -159 87
2 0 105 -77 128
2 100 207 -147 93
2 187 315 -111 110
2 323 413 -141 93
2 394 499 -159 87
2 0 105 -77 128
2 100 207 -147 93
2 187 315 -111 110
2 323 413 -141 93
2 394 499 -159 87
2 0 105 -77 128
2 100 207 -147 93
