2 0.78 0.6626666666666666 0.108 0.45066666666666666
2 0.23 0.676 0.092 0.49333333333333335
2 0.323 0.6626666666666666 0.074 0.456
2 0.404 0.664 0.076 0.48
2 0.489 0.6453333333333333 0.098 0.464
2 0.584 0.6773333333333333 0.112 0.4266666666666667
2 0.675 0.664 0.09 0.464
2 0.78 0.6626666666666666 0.108 0.45066666666666666
2 92 138 -24 161
2 143 180 -8 163
2 183 221 -21 159
2 220 269 -19 155
2 264 320 14 174
2 315 360 -12 162
2 363 417 -5 164
2 92 138 -24 161
2 143 180 -8 163
2 183 221 -21 159
2 220 269 -19 155
2 264 320 14 174
2 315 360 -12 162
2 363 417 -5 164
2 92 138 -24 161
2 143 180 -8 163
2 183 221 -21 159
2 220 269 -19 155
2 264 320 14 174
2 315 360 -12 162
2 363 417 -5 164
