2 0.114 0.5443425076452599 0.072 0.25688073394495414
2 0.285 0.5259938837920489 0.214 0.8868501529051988
2 0.541 0.5657492354740061 0.142 0.8685015290519877
2 0.737 0.5688073394495413 0.146 0.8256880733944955
2 0.906 0.6391437308868502 0.188 0.7033639143730887
2 0.053 0.5581039755351682 0.054 0.25382262996941896
2 0.114 0.5443425076452599 0.072 0.25688073394495414
2 89 196 -263 27
2 235 306 -241 43
2 332 405 -219 51
2 406 500 -136 94
2 13 40 58 141
2 39 75 52 136
2 89 196 -263 27
2 235 306 -241 43
2 332 405 -219 51
2 406 500 -136 94
2 13 40 58 141
2 39 75 52 136
2 89 196 -263 27
2 235 306 -241 43
2 332 405 -219 51
2 406 500 -136 94
2 13 40 58 141
2 39 75 52 136
