2 0.45 0.6133333333333333 0.1 0.56
2 0.221 0.552 0.118 0.592
2 0.33 0.648 0.124 0.5973333333333334
2 0.707 0.5586666666666666 0.142 0.49866666666666665
2 0.902 0.5866666666666667 0.196 0.8266666666666667
2 0.571 0.5773333333333334 0.118 0.49866666666666665
2 0.45 0.6133333333333333 0.1 0.56
2 81 140 -126 96
2 134 196 -93 131
2 318 389 -71 116
2 402 500 -245 65
2 256 315 -64 123
2 200 250 -85 125
2 81 140 -126 96
2 134 196 -93 131
2 318 389 -71 116
2 402 500 -245 65
2 256 315 -64 123
2 200 250 -85 125
2 81 140 -126 96
2 134 196 -93 131
2 318 389 -71 116
2 402 500 -245 65
2 256 315 -64 123
2 200 250 -85 125
