2 0.86 0.392 0.224 0.2986666666666667
2 0.087 0.72 0.174 0.5546666666666666
2 0.169 0.6146666666666667 0.262 0.76
2 0.336 0.7533333333333333 0.104 0.16266666666666665
2 0.267 0.472 0.134 0.4746666666666667
2 0.234 0.23333333333333334 0.112 0.2853333333333333
2 0.365 0.3586666666666667 0.158 0.488
2 0.524 0.3413333333333333 0.16 0.49066666666666664
2 0.649 0.3973333333333333 0.138 0.3253333333333333
2 0.517 0.708 0.338 0.568
2 0.761 0.716 0.326 0.568
2 0.734 0.23066666666666666 0.164 0.232
2 0.86 0.392 0.224 0.2986666666666667
2 0 87 -42 166
2 19 150 -197 88
2 142 194 191 252
2 100 167 -90 88
2 89 145 -73 34
2 143 222 -140 43
2 222 302 -148 36
2 290 359 -34 88
2 174 343 -54 159
2 299 462 -51 162
2 326 408 -44 43
2 374 486 -21 91
2 0 87 -42 166
2 19 150 -197 88
2 142 194 191 252
2 100 167 -90 88
2 89 145 -73 34
2 143 222 -140 43
2 222 302 -148 36
2 290 359 -34 88
2 174 343 -54 159
2 299 462 -51 162
2 326 408 -44 43
2 374 486 -21 91
2 0 87 -42 166
2 19 150 -197 88
2 142 194 191 252
2 100 167 -90 88
2 89 145 -73 34
2 143 222 -140 43
2 222 302 -148 36
2 290 359 -34 88
2 174 343 -54 159
2 299 462 -51 162
2 326 408 -44 43
2 374 486 -21 91
