2 0.174 0.7381656804733728 0.172 0.5236686390532544
2 0.448 0.3269230769230769 0.104 0.5177514792899408
2 0.268 0.1760355029585799 0.124 0.2455621301775148
2 0.269 0.41272189349112426 0.134 0.363905325443787
2 0.049 0.46005917159763315 0.098 0.5828402366863905
2 0.796 0.849112426035503 0.256 0.2958579881656805
2 0.714 0.41272189349112426 0.092 0.16863905325443787
2 0.557 0.4881656804733728 0.106 0.24260355029585798
2 0.174 0.7381656804733728 0.172 0.5236686390532544
2 198 250 -152 23
2 103 165 -65 18
2 101 168 -45 78
2 0 49 -140 57
2 334 462 137 237
2 334 380 54 111
2 252 305 42 124
2 44 130 -16 161
2 198 250 -152 23
2 103 165 -65 18
2 101 168 -45 78
2 0 49 -140 57
2 334 462 137 237
2 334 380 54 111
2 252 305 42 124
2 44 130 -16 161
2 198 250 -152 23
2 103 165 -65 18
2 101 168 -45 78
2 0 49 -140 57
2 334 462 137 237
2 334 380 54 111
2 252 305 42 124
2 44 130 -16 161
