2 0.749 0.5841584158415841 0.138 0.5676567656765676
2 0.22 0.6188118811881188 0.204 0.6039603960396039
2 0.42 0.7244224422442245 0.16 0.43234323432343236
2 0.542 0.7656765676567657 0.132 0.37623762376237624
2 0.677 0.6765676567656765 0.15 0.4752475247524752
2 0.749 0.5841584158415841 0.138 0.5676567656765676
2 59 161 -87 96
2 170 250 23 154
2 238 304 61 175
2 301 376 -11 133
2 340 409 -81 91
2 59 161 -87 96
2 170 250 23 154
2 238 304 61 175
2 301 376 -11 133
2 340 409 -81 91
2 59 161 -87 96
2 170 250 23 154
2 238 304 61 175
2 301 376 -11 133
2 340 409 -81 91
