2 0.197 0.5066666666666667 0.05 0.21866666666666668
2 0.704 0.7053333333333334 0.184 0.5893333333333334
2 0.572 0.672 0.136 0.5973333333333334
2 0.856 0.6146666666666667 0.136 0.5466666666666666
2 0.44 0.572 0.068 0.3333333333333333
2 0.197 0.5066666666666667 0.05 0.21866666666666668
2 306 398 -67 154
2 252 320 -84 140
2 394 462 -77 128
2 203 237 27 152
2 86 111 67 149
2 306 398 -67 154
2 252 320 -84 140
2 394 462 -77 128
2 203 237 27 152
2 86 111 67 149
2 306 398 -67 154
2 252 320 -84 140
2 394 462 -77 128
2 203 237 27 152
2 86 111 67 149
