2 0.5581162324649298 0.6381381381381381 0.19438877755511022 0.7117117117117117
2 0.22945891783567135 0.6261261261261262 0.4589178356713427 0.7477477477477478
2 0.36072144288577157 0.6966966966966966 0.2124248496993988 0.5885885885885885
2 0.8386773547094188 0.6891891891891891 0.3026052104208417 0.6216216216216216
2 0.5581162324649298 0.6381381381381381 0.19438877755511022 0.7117117117117117
2 0 229 -165 84
2 127 233 -62 134
2 343 494 -81 126
2 230 327 -143 94
2 0 229 -165 84
2 127 233 -62 134
2 343 494 -81 126
2 230 327 -143 94
2 0 229 -165 84
2 127 233 -62 134
2 343 494 -81 126
2 230 327 -143 94
