2 0.30861723446893785 0.7192192192192193 0.13226452905811623 0.5075075075075075
2 0.1593186372745491 0.6036036036036037 0.11823647294589178 0.7747747747747747
2 0.8897795591182365 0.5735735735735735 0.22044088176352705 0.8528528528528528
2 0.7845691382765531 0.6681681681681682 0.1342685370741483 0.6636636636636637
2 0.6452905811623246 0.7252252252252253 0.11222444889779559 0.5435435435435435
2 0.45090180360721444 0.7162162162162162 0.08817635270541083 0.44144144144144143
2 0.30861723446893785 0.7192192192192193 0.13226452905811623 0.5075075075075075
2 50 109 -186 72
2 389 499 -235 49
2 358 425 -109 112
2 294 350 -30 151
2 203 247 18 165
2 121 187 -14 155
2 50 109 -186 72
2 389 499 -235 49
2 358 425 -109 112
2 294 350 -30 151
2 203 247 18 165
2 121 187 -14 155
2 50 109 -186 72
2 389 499 -235 49
2 358 425 -109 112
2 294 350 -30 151
2 203 247 18 165
2 121 187 -14 155
