2 0.10420841683366733 0.6051724137931035 0.20841683366733466 0.7896551724137931
2 0.7865731462925851 0.4051724137931034 0.19839679358717435 0.46551724137931033
2 0.6022044088176353 0.49310344827586206 0.250501002004008 0.8068965517241379
2 0.33266533066132264 0.5551724137931034 0.2845691382765531 0.7931034482758621
2 0.10420841683366733 0.6051724137931035 0.20841683366733466 0.7896551724137931
2 343 442 -85 50
2 238 363 -208 26
2 95 237 -184 46
2 0 104 -168 61
2 343 442 -85 50
2 238 363 -208 26
2 95 237 -184 46
2 0 104 -168 61
2 343 442 -85 50
2 238 363 -208 26
2 95 237 -184 46
2 0 104 -168 61
