2 0.044 0.7293333333333333 0.088 0.18933333333333333
2 0.243 0.7666666666666667 0.242 0.4666666666666667
2 0.622 0.8653333333333333 0.14 0.23733333333333334
2 0.468 0.8626666666666667 0.144 0.25333333333333335
2 0.074 0.8866666666666667 0.148 0.22666666666666666
2 0.044 0.7293333333333333 0.088 0.18933333333333333
2 61 182 25 200
2 276 346 191 280
2 198 270 181 276
2 0 74 205 290
2 0 44 167 238
2 61 182 25 200
2 276 346 191 280
2 198 270 181 276
2 0 74 205 290
2 0 44 167 238
2 61 182 25 200
2 276 346 191 280
2 198 270 181 276
2 0 74 205 290
2 0 44 167 238
