2 0.4258517034068136 0.6685236768802229 0.11823647294589178 0.6239554317548747
2 0.22945891783567135 0.6754874651810585 0.11022044088176353 0.6044568245125348
2 0.32064128256513025 0.6935933147632312 0.08817635270541083 0.584958217270195
2 0.5470941883767535 0.5891364902506964 0.10821643286573146 0.3426183844011142
2 0.6803607214428857 0.5557103064066853 0.15030060120240482 0.4373259052924791
2 0.4258517034068136 0.6685236768802229 0.11823647294589178 0.6239554317548747
2 87 142 -83 134
2 138 182 -66 144
2 246 300 27 150
2 302 377 -36 121
2 183 242 -96 128
2 87 142 -83 134
2 138 182 -66 144
2 246 300 27 150
2 302 377 -36 121
2 183 242 -96 128
2 87 142 -83 134
2 138 182 -66 144
2 246 300 27 150
2 302 377 -36 121
2 183 242 -96 128
