2 0.889 0.5727002967359051 0.222 0.45103857566765576
2 0.132 0.6884272997032641 0.192 0.6231454005934718
2 0.347 0.6646884272997032 0.206 0.6706231454005934
2 0.555 0.672106824925816 0.182 0.6439169139465876
2 0.89 0.7077151335311572 0.22 0.5845697329376854
2 0.719 0.7299703264094956 0.142 0.5400593471810089
2 0.889 0.5727002967359051 0.222 0.45103857566765576
2 18 114 -83 127
2 122 225 -115 111
2 232 323 -99 118
2 390 500 -57 140
2 324 395 -27 155
2 389 500 -35 117
2 18 114 -83 127
2 122 225 -115 111
2 232 323 -99 118
2 390 500 -57 140
2 324 395 -27 155
2 389 500 -35 117
2 18 114 -83 127
2 122 225 -115 111
2 232 323 -99 118
2 390 500 -57 140
2 324 395 -27 155
2 389 500 -35 117
