2 0.8106212424849699 0.7507507507507507 0.1623246492985972 0.4024024024024024
2 0.1372745490981964 0.7177177177177178 0.1623246492985972 0.43843843843843844
2 0.29759519038076154 0.7342342342342343 0.09819639278557114 0.40540540540540543
2 0.3867735470941884 0.7582582582582582 0.11222444889779559 0.35135135135135137
2 0.4709418837675351 0.7237237237237237 0.1523046092184369 0.4024024024024024
2 0.6513026052104208 0.7087087087087087 0.10821643286573146 0.4084084084084084
2 0.533066132264529 0.6456456456456456 0.10020040080160321 0.4924924924924925
2 0.8166332665330661 0.493993993993994 0.1062124248496994 0.2732732732732733
2 0.8106212424849699 0.7507507507507507 0.1623246492985972 0.4024024024024024
2 28 109 20 166
2 124 173 42 177
2 165 221 77 194
2 197 273 40 174
2 298 352 32 168
2 241 291 -31 133
2 381 434 28 119
2 364 445 49 183
2 28 109 20 166
2 124 173 42 177
2 165 221 77 194
2 197 273 40 174
2 298 352 32 168
2 241 291 -31 133
2 381 434 28 119
2 364 445 49 183
2 28 109 20 166
2 124 173 42 177
2 165 221 77 194
2 197 273 40 174
2 298 352 32 168
2 241 291 -31 133
2 381 434 28 119
2 364 445 49 183
