2 0.244 0.23657289002557544 0.148 0.40153452685422
2 0.868 0.7161125319693095 0.256 0.5677749360613811
2 0.647 0.782608695652174 0.194 0.43478260869565216
2 0.388 0.6751918158567775 0.232 0.6035805626598465
2 0.18 0.6483375959079284 0.244 0.7033248081841432
2 0.098 0.4539641943734015 0.196 0.8823529411764706
2 0.244 0.23657289002557544 0.148 0.40153452685422
2 370 498 -53 169
2 275 372 51 221
2 136 252 -90 146
2 29 151 -159 116
2 0 98 -340 5
2 85 159 -143 14
2 370 498 -53 169
2 275 372 51 221
2 136 252 -90 146
2 29 151 -159 116
2 0 98 -340 5
2 85 159 -143 14
2 370 498 -53 169
2 275 372 51 221
2 136 252 -90 146
2 29 151 -159 116
2 0 98 -340 5
2 85 159 -143 14
