2 0.654 0.668 0.196 0.664
2 0.05 0.5533333333333333 0.1 0.7813333333333333
2 0.181 0.5693333333333334 0.186 0.728
2 0.408 0.5773333333333334 0.2 0.7386666666666667
2 0.269 0.532 0.13 0.7493333333333333
2 0.514 0.39466666666666667 0.072 0.16
2 0.654 0.668 0.196 0.664
2 0 50 -232 61
2 44 137 -196 77
2 154 254 -199 78
2 102 167 -222 59
2 239 275 58 118
2 278 376 -123 126
2 0 50 -232 61
2 44 137 -196 77
2 154 254 -199 78
2 102 167 -222 59
2 239 275 58 118
2 278 376 -123 126
2 0 50 -232 61
2 44 137 -196 77
2 154 254 -199 78
2 102 167 -222 59
2 239 275 58 118
2 278 376 -123 126
