2 0.908 0.6321321321321322 0.184 0.7357357357357357
2 0.113 0.6201201201201201 0.226 0.7537537537537538
2 0.349 0.5480480480480481 0.19 0.7897897897897898
2 0.556 0.5840840840840841 0.168 0.7477477477477478
2 0.685 0.6051051051051051 0.182 0.7897897897897898
2 0.908 0.6321321321321322 0.184 0.7357357357357357
2 0 113 -170 81
2 127 222 -212 51
2 236 320 -179 70
2 297 388 -193 70
2 408 500 -157 88
2 0 113 -170 81
2 127 222 -212 51
2 236 320 -179 70
2 297 388 -193 70
2 408 500 -157 88
2 0 113 -170 81
2 127 222 -212 51
2 236 320 -179 70
2 297 388 -193 70
2 408 500 -157 88
