2 0.756 0.7466666666666667 0.196 0.5066666666666667
2 0.382 0.5906666666666667 0.08 0.408
2 0.203 0.58 0.078 0.44533333333333336
2 0.09 0.592 0.1 0.496
2 0.041 0.6426666666666667 0.082 0.7146666666666667
2 0.756 0.7466666666666667 0.196 0.5066666666666667
2 171 211 -8 145
2 82 121 -33 134
2 20 70 -57 129
2 0 41 -161 107
2 329 427 -5 185
2 171 211 -8 145
2 82 121 -33 134
2 20 70 -57 129
2 0 41 -161 107
2 329 427 -5 185
2 171 211 -8 145
2 82 121 -33 134
2 20 70 -57 129
2 0 41 -161 107
2 329 427 -5 185
