2 0.815 0.6231231231231231 0.126 0.5315315315315315
2 0.109 0.6666666666666666 0.218 0.6666666666666666
2 0.313 0.6861861861861862 0.182 0.6216216216216216
2 0.478 0.6741741741741741 0.152 0.6516516516516516
2 0.707 0.5705705705705706 0.09 0.3303303303303303
2 0.705 0.6546546546546547 0.31 0.6906906906906907
2 0.815 0.6231231231231231 0.126 0.5315315315315315
2 0 109 -111 111
2 111 202 -82 125
2 201 277 -101 116
2 331 376 25 135
2 275 430 -127 103
2 376 439 -58 119
2 0 109 -111 111
2 111 202 -82 125
2 201 277 -101 116
2 331 376 25 135
2 275 430 -127 103
2 376 439 -58 119
2 0 109 -111 111
2 111 202 -82 125
2 201 277 -101 116
2 331 376 25 135
2 275 430 -127 103
2 376 439 -58 119
