2 0.5102459016393442 0.131 0.22540983606557377 0.21
2 0.3668032786885246 0.57 0.3319672131147541 0.572
2 0.12090163934426229 0.549 0.24180327868852458 0.526
2 0.735655737704918 0.793 0.3729508196721312 0.366
2 0.7479508196721312 0.489 0.3155737704918033 0.37
2 0.5102459016393442 0.131 0.22540983606557377 0.21
2 49 130 -144 142
2 0 59 -120 143
2 134 225 122 305
2 144 221 -33 152
2 97 152 -92 13
2 49 130 -144 142
2 0 59 -120 143
2 134 225 122 305
2 144 221 -33 152
2 97 152 -92 13
2 49 130 -144 142
2 0 59 -120 143
2 134 225 122 305
2 144 221 -33 152
2 97 152 -92 13
