2 0.421 0.648 0.074 0.496
2 0.336 0.6413333333333333 0.096 0.4826666666666667
2 0.797 0.892 0.406 0.13066666666666665
2 0.945 0.6293333333333333 0.11 0.5226666666666666
2 0.842 0.6266666666666667 0.104 0.4693333333333333
2 0.755 0.6453333333333333 0.098 0.3893333333333333
2 0.628 0.6506666666666666 0.112 0.49066666666666664
2 0.51 0.6573333333333333 0.084 0.456
2 0.421 0.648 0.074 0.496
2 144 192 -31 150
2 297 500 261 310
2 445 500 -58 138
2 395 447 -29 147
2 353 402 23 169
2 286 342 -32 152
2 234 276 -10 161
2 192 229 -36 150
2 144 192 -31 150
2 297 500 261 310
2 445 500 -58 138
2 395 447 -29 147
2 353 402 23 169
2 286 342 -32 152
2 234 276 -10 161
2 192 229 -36 150
2 144 192 -31 150
2 297 500 261 310
2 445 500 -58 138
2 395 447 -29 147
2 353 402 23 169
2 286 342 -32 152
2 234 276 -10 161
2 192 229 -36 150
