2 0.04 0.657185628742515 0.08 0.2844311377245509
2 0.166 0.657185628742515 0.12 0.2844311377245509
2 0.299 0.6452095808383234 0.126 0.25449101796407186
2 0.42 0.6796407185628742 0.132 0.2754491017964072
2 0.796 0.6766467065868264 0.26 0.40718562874251496
2 0.669 0.6526946107784432 0.19 0.3652694610778443
2 0.538 0.3263473053892216 0.116 0.23952095808383234
2 0.426 0.27994011976047906 0.108 0.3562874251497006
2 0.529 0.6691616766467066 0.106 0.26646706586826346
2 0.319 0.36976047904191617 0.114 0.20059880239520958
2 0.04 0.657185628742515 0.08 0.2844311377245509
2 53 113 77 172
2 118 181 88 173
2 177 243 89 181
2 333 463 22 158
2 287 382 35 157
2 240 298 -11 69
2 186 240 -85 34
2 238 291 90 179
2 131 188 23 90
2 0 40 77 172
2 53 113 77 172
2 118 181 88 173
2 177 243 89 181
2 333 463 22 158
2 287 382 35 157
2 240 298 -11 69
2 186 240 -85 34
2 238 291 90 179
2 131 188 23 90
2 0 40 77 172
2 53 113 77 172
2 118 181 88 173
2 177 243 89 181
2 333 463 22 158
2 287 382 35 157
2 240 298 -11 69
2 186 240 -85 34
2 238 291 90 179
2 131 188 23 90
2 0 40 77 172
