2 0.844 0.5181268882175226 0.256 0.6737160120845922
2 0.164 0.5619335347432024 0.14 0.7734138972809668
2 0.306 0.5226586102719033 0.148 0.7673716012084593
2 0.442 0.552870090634441 0.112 0.6827794561933535
2 0.6 0.5453172205438066 0.188 0.7039274924471299
2 0.673 0.540785498489426 0.134 0.6948640483383686
2 0.844 0.5181268882175226 0.256 0.6737160120845922
2 47 117 -198 58
2 116 190 -208 46
2 193 249 -156 70
2 253 347 -169 64
2 303 370 -166 64
2 358 486 -163 60
2 47 117 -198 58
2 116 190 -208 46
2 193 249 -156 70
2 253 347 -169 64
2 303 370 -166 64
2 358 486 -163 60
2 47 117 -198 58
2 116 190 -208 46
2 193 249 -156 70
2 253 347 -169 64
2 303 370 -166 64
2 358 486 -163 60
