2 0.333 0.6146666666666667 0.466 0.7706666666666667
2 0.819 0.5773333333333334 0.362 0.8453333333333334
2 0.65 0.6466666666666666 0.316 0.7066666666666667
2 0.72 0.26666666666666666 0.26 0.5226666666666666
2 0.115 0.548 0.23 0.904
2 0.333 0.6146666666666667 0.466 0.7706666666666667
2 319 500 -259 58
2 246 404 -155 110
2 295 425 -194 2
2 0 115 -303 36
2 50 283 -203 86
2 319 500 -259 58
2 246 404 -155 110
2 295 425 -194 2
2 0 115 -303 36
2 50 283 -203 86
2 319 500 -259 58
2 246 404 -155 110
2 295 425 -194 2
2 0 115 -303 36
2 50 283 -203 86
