2 0.554 0.5786666666666667 0.156 0.7413333333333333
2 0.415 0.5946666666666667 0.158 0.8106666666666666
2 0.278 0.456 0.152 0.768
2 0.845 0.508 0.154 0.68
2 0.697 0.54 0.142 0.6693333333333333
2 0.554 0.5786666666666667 0.156 0.7413333333333333
2 168 247 -233 71
2 101 177 -261 27
2 384 461 -192 63
2 313 384 -174 77
2 238 316 -200 78
2 168 247 -233 71
2 101 177 -261 27
2 384 461 -192 63
2 313 384 -174 77
2 238 316 -200 78
2 168 247 -233 71
2 101 177 -261 27
2 384 461 -192 63
2 313 384 -174 77
2 238 316 -200 78
