2 0.588 0.484 0.168 0.8293333333333334
2 0.124 0.4533333333333333 0.176 0.816
2 0.525 0.7346666666666667 0.234 0.5306666666666666
2 0.823 0.6146666666666667 0.33 0.7706666666666667
2 0.28 0.548 0.264 0.904
2 0.588 0.484 0.168 0.8293333333333334
2 18 106 -289 17
2 204 321 -23 176
2 329 494 -203 86
2 74 206 -303 36
2 252 336 -285 26
2 18 106 -289 17
2 204 321 -23 176
2 329 494 -203 86
2 74 206 -303 36
2 252 336 -285 26
2 18 106 -289 17
2 204 321 -23 176
2 329 494 -203 86
2 74 206 -303 36
2 252 336 -285 26
