2 0.891 0.49635036496350365 0.118 0.8759124087591241
2 0.112 0.5109489051094891 0.148 0.7737226277372263
2 0.245 0.5036496350364964 0.114 0.7445255474452555
2 0.46 0.5237226277372263 0.104 0.7700729927007299
2 0.607 0.5383211678832117 0.17 0.8357664233576643
2 0.891 0.49635036496350365 0.118 0.8759124087591241
2 19 93 -178 34
2 94 151 -168 36
2 204 256 -173 38
2 261 346 -196 33
2 416 475 -224 16
2 19 93 -178 34
2 94 151 -168 36
2 204 256 -173 38
2 261 346 -196 33
2 416 475 -224 16
2 19 93 -178 34
2 94 151 -168 36
2 204 256 -173 38
2 261 346 -196 33
2 416 475 -224 16
