2 0.7586750788643533 0.322 0.23659305993690852 0.22
2 0.19085173501577288 0.68 0.23659305993690852 0.424
2 0.6041009463722398 0.754 0.6151419558359621 0.228
2 0.6293375394321766 0.633 0.19242902208201892 0.33
2 0.416403785488959 0.188 0.4037854889589905 0.24
2 0.7586750788643533 0.322 0.23659305993690852 0.22
2 23 98 22 234
2 94 289 206 320
2 169 230 69 234
2 68 196 -86 34
2 203 278 -4 106
2 23 98 22 234
2 94 289 206 320
2 169 230 69 234
2 68 196 -86 34
2 203 278 -4 106
2 23 98 22 234
2 94 289 206 320
2 169 230 69 234
2 68 196 -86 34
2 203 278 -4 106
