2 0.71 0.7859281437125748 0.188 0.24850299401197604
2 0.06 0.7470059880239521 0.116 0.25449101796407186
2 0.15 0.7559880239520959 0.084 0.24850299401197604
2 0.254 0.7979041916167665 0.144 0.25449101796407186
2 0.335 0.7470059880239521 0.186 0.24850299401197604
2 0.518 0.7784431137724551 0.168 0.281437125748503
2 0.71 0.7859281437125748 0.188 0.24850299401197604
2 1 59 122 207
2 54 96 128 211
2 91 163 139 224
2 121 214 125 208
2 217 301 119 213
2 308 402 138 221
2 1 59 122 207
2 54 96 128 211
2 91 163 139 224
2 121 214 125 208
2 217 301 119 213
2 308 402 138 221
2 1 59 122 207
2 54 96 128 211
2 91 163 139 224
2 121 214 125 208
2 217 301 119 213
2 308 402 138 221
