2 0.284 0.3794642857142857 0.172 0.25892857142857145
2 0.193 0.6830357142857143 0.386 0.6220238095238095
2 0.661 0.6622023809523809 0.294 0.6517857142857143
2 0.775 0.43601190476190477 0.23 0.6755952380952381
2 0.883 0.33035714285714285 0.226 0.5178571428571429
2 0.416 0.24702380952380953 0.196 0.3333333333333333
2 0.284 0.3794642857142857 0.172 0.25892857142857145
2 0 193 -84 125
2 257 404 -106 113
2 330 445 -194 33
2 385 498 -150 24
2 159 257 -85 27
2 99 185 -3 84
2 0 193 -84 125
2 257 404 -106 113
2 330 445 -194 33
2 385 498 -150 24
2 159 257 -85 27
2 99 185 -3 84
2 0 193 -84 125
2 257 404 -106 113
2 330 445 -194 33
2 385 498 -150 24
2 159 257 -85 27
2 99 185 -3 84
