2 0.3807615230460922 0.4954954954954955 0.2124248496993988 0.3783783783783784
2 0.7004008016032064 0.6321321321321322 0.1743486973947896 0.7357357357357357
2 0.5490981963927856 0.6441441441441441 0.13226452905811623 0.6756756756756757
2 0.48096192384769537 0.7897897897897898 0.12424849699398798 0.3963963963963964
2 0.30861723446893785 0.6981981981981982 0.22845691382765532 0.6036036036036037
2 0.3807615230460922 0.4954954954954955 0.2124248496993988 0.3783783783783784
2 306 393 -157 88
2 241 307 -123 102
2 209 271 65 197
2 97 211 -69 132
2 137 243 -24 102
2 306 393 -157 88
2 241 307 -123 102
2 209 271 65 197
2 97 211 -69 132
2 137 243 -24 102
2 306 393 -157 88
2 241 307 -123 102
2 209 271 65 197
2 97 211 -69 132
2 137 243 -24 102
