2 0.146 0.6077844311377245 0.228 0.7365269461077845
2 0.423 0.6137724550898204 0.194 0.7724550898203593
2 0.6 0.6601796407185628 0.148 0.6796407185628742
2 0.707 0.6002994011976048 0.17 0.7874251497005988
2 0.884 0.624251497005988 0.2 0.7215568862275449
2 0.146 0.6077844311377245 0.228 0.7365269461077845
2 163 260 -182 76
2 263 337 -120 107
2 311 396 -194 69
2 392 492 -153 88
2 16 130 -166 80
2 163 260 -182 76
2 263 337 -120 107
2 311 396 -194 69
2 392 492 -153 88
2 16 130 -166 80
2 163 260 -182 76
2 263 337 -120 107
2 311 396 -194 69
2 392 492 -153 88
2 16 130 -166 80
