2 0.887 0.4026666666666667 0.218 0.24
2 0.756 0.4226666666666667 0.216 0.4026666666666667
2 0.499 0.476 0.202 0.32266666666666666
2 0.246 0.43066666666666664 0.28 0.45066666666666666
2 0.286 0.484 0.12 0.20533333333333334
2 0.887 0.4026666666666667 0.218 0.24
2 324 432 -68 83
2 199 300 -3 118
2 53 193 -92 77
2 113 173 66 143
2 389 498 16 106
2 324 432 -68 83
2 199 300 -3 118
2 53 193 -92 77
2 113 173 66 143
2 389 498 16 106
2 324 432 -68 83
2 199 300 -3 118
2 53 193 -92 77
2 113 173 66 143
2 389 498 16 106
