2 0.6412825651302605 0.5105105105105106 0.0841683366733467 0.4804804804804805
2 0.20040080160320642 0.5075075075075075 0.06813627254509018 0.4024024024024024
2 0.3486973947895792 0.6246246246246246 0.23246492985971945 0.2702702702702703
2 0.7915831663326653 0.5225225225225225 0.12024048096192384 0.5225225225225225
2 0.7394789579158316 0.539039039039039 0.06012024048096192 0.4114114114114114
2 0.6412825651302605 0.5105105105105106 0.0841683366733467 0.4804804804804805
2 83 117 -32 102
2 116 232 73 163
2 365 425 -87 87
2 354 384 -26 111
2 299 341 -70 90
2 83 117 -32 102
2 116 232 73 163
2 365 425 -87 87
2 354 384 -26 111
2 299 341 -70 90
2 83 117 -32 102
2 116 232 73 163
2 365 425 -87 87
2 354 384 -26 111
2 299 341 -70 90
