1 0.750390625 0.34652777777777777 0.10390625 0.26805555555555555
2 0.407421875 0.5819444444444445 0.19765625 0.5472222222222223
2 0.583984375 0.7451388888888889 0.10390625 0.1736111111111111
2 0.679296875 0.5354166666666667 0.15390625 0.7680555555555556
2 0.73515625 0.5076388888888889 0.125 0.8097222222222222
1 0.710546875 0.4027777777777778 0.10078125 0.28055555555555556
1 0.750390625 0.34652777777777777 0.10390625 0.26805555555555555
2 395 648 -172 222
2 681 814 349 474
2 771 968 -444 109
2 861 1021 -509 74
1 845 974 -13 189
1 894 1027 -40 153
2 395 648 -172 222
2 681 814 349 474
2 771 968 -444 109
2 861 1021 -509 74
1 845 974 -13 189
1 894 1027 -40 153
2 395 648 -172 222
2 681 814 349 474
2 771 968 -444 109
2 861 1021 -509 74
1 845 974 -13 189
1 894 1027 -40 153
