1 0.55703125 0.49722222222222223 0.0578125 0.14444444444444443
2 0.558203125 0.5423611111111111 0.07265625 0.31527777777777777
2 0.660546875 0.5048611111111111 0.09609375 0.3263888888888889
2 0.777734375 0.47291666666666665 0.09765625 0.3125
2 0.86484375 0.45069444444444445 0.0984375 0.3347222222222222
1 0.865625 0.3972222222222222 0.08125 0.14166666666666666
1 0.77734375 0.42916666666666664 0.0734375 0.1388888888888889
1 0.656640625 0.45694444444444443 0.07578125 0.15555555555555556
1 0.55703125 0.49722222222222223 0.0578125 0.14444444444444443
2 668 761 50 277
2 784 907 11 246
2 933 1058 3 228
2 1044 1170 -37 204
1 1056 1160 133 235
1 948 1042 159 259
1 792 889 161 273
1 676 750 202 306
2 668 761 50 277
2 784 907 11 246
2 933 1058 3 228
2 1044 1170 -37 204
1 1056 1160 133 235
1 948 1042 159 259
1 792 889 161 273
1 676 750 202 306
2 668 761 50 277
2 784 907 11 246
2 933 1058 3 228
2 1044 1170 -37 204
1 1056 1160 133 235
1 948 1042 159 259
1 792 889 161 273
1 676 750 202 306
