1 0.29921875 0.5375 0.2921875 0.49722222222222223
2 0.39609375 0.5284722222222222 0.4921875 0.9430555555555555
2 0.474609375 0.46458333333333335 0.21640625 0.7041666666666667
0 0.46796875 0.1673611111111111 0.1 0.10694444444444444
1 0.4765625 0.5763888888888888 0.215625 0.475
1 0.29921875 0.5375 0.2921875 0.49722222222222223
2 192 822 -638 41
2 469 746 -426 81
0 535 663 5 82
1 472 748 -98 244
1 196 570 -150 208
2 192 822 -638 41
2 469 746 -426 81
0 535 663 5 82
1 472 748 -98 244
1 196 570 -150 208
2 192 822 -638 41
2 469 746 -426 81
0 535 663 5 82
1 472 748 -98 244
1 196 570 -150 208
