0 0.569140625 0.4673611111111111 0.04765625 0.05416666666666667
2 0.669921875 0.6736111111111112 0.06953125 0.3611111111111111
2 0.5515625 0.6618055555555555 0.1484375 0.44027777777777777
1 0.579296875 0.6173611111111111 0.08359375 0.19305555555555556
1 0.673046875 0.6270833333333333 0.05703125 0.14305555555555555
0 0.663671875 0.5173611111111112 0.03046875 0.04583333333333333
0 0.569140625 0.4673611111111111 0.04765625 0.05416666666666667
2 813 902 95 355
2 611 801 1 318
1 688 795 236 375
1 825 898 297 400
0 830 869 323 356
0 698 759 278 317
2 813 902 95 355
2 611 801 1 318
1 688 795 236 375
1 825 898 297 400
0 830 869 323 356
0 698 759 278 317
2 813 902 95 355
2 611 801 1 318
1 688 795 236 375
1 825 898 297 400
0 830 869 323 356
0 698 759 278 317
