2 0.717479674796748 0.5472222222222223 0.5447154471544715 0.75
0 0.4603658536585366 0.2013888888888889 0.17276422764227642 0.175
0 0.608739837398374 0.2638888888888889 0.3231707317073171 0.18888888888888888
2 0.38414634146341464 0.5166666666666667 0.4105691056910569 0.8055555555555556
2 0.717479674796748 0.5472222222222223 0.5447154471544715 0.75
0 184 269 -22 41
0 220 379 -7 61
2 88 290 -249 41
2 219 487 -208 62
0 184 269 -22 41
0 220 379 -7 61
2 88 290 -249 41
2 219 487 -208 62
0 184 269 -22 41
0 220 379 -7 61
2 88 290 -249 41
2 219 487 -208 62
