1 0.675390625 0.3229166666666667 0.11328125 0.31527777777777777
2 0.312109375 0.5416666666666666 0.15703125 0.8527777777777777
1 0.293359375 0.40069444444444446 0.11953125 0.3263888888888889
2 0.546484375 0.5194444444444445 0.16171875 0.8777777777777778
2 0.659765625 0.5006944444444444 0.13515625 0.9097222222222222
1 0.675390625 0.3229166666666667 0.11328125 0.31527777777777777
2 299 500 -531 83
1 299 452 -64 171
2 596 803 -574 58
2 758 931 -622 33
1 792 937 -108 119
2 299 500 -531 83
1 299 452 -64 171
2 596 803 -574 58
2 758 931 -622 33
1 792 937 -108 119
2 299 500 -531 83
1 299 452 -64 171
2 596 803 -574 58
2 758 931 -622 33
1 792 937 -108 119
