0 0.8734375 0.2722222222222222 0.253125 0.4
2 0.81796875 0.5388888888888889 0.3640625 0.9222222222222223
2 0.5 0.5 0.66875 1.0
2 0.203125 0.5 0.40625 1.0
0 0.47421875 0.2652777777777778 0.4296875 0.5305555555555556
0 0.12265625 0.14305555555555555 0.2453125 0.2861111111111111
0 0.8734375 0.2722222222222222 0.253125 0.4
2 407 640 -304 28
2 106 534 -360 0
2 0 260 -360 0
0 166 441 -191 0
0 0 157 -103 0
0 478 640 -118 26
2 407 640 -304 28
2 106 534 -360 0
2 0 260 -360 0
0 166 441 -191 0
0 0 157 -103 0
0 478 640 -118 26
2 407 640 -304 28
2 106 534 -360 0
2 0 260 -360 0
0 166 441 -191 0
0 0 157 -103 0
0 478 640 -118 26
