1 0.473828125 0.5201388888888889 0.17890625 0.4125
2 0.4453125 0.5520833333333334 0.2296875 0.8958333333333334
2 0.803515625 0.5847222222222223 0.26640625 0.8305555555555556
1 0.8046875 0.5770833333333333 0.240625 0.4486111111111111
1 0.473828125 0.5201388888888889 0.17890625 0.4125
2 423 717 -570 75
2 858 1199 -476 122
1 876 1184 -69 254
1 492 721 -71 226
2 423 717 -570 75
2 858 1199 -476 122
1 876 1184 -69 254
1 492 721 -71 226
2 423 717 -570 75
2 858 1199 -476 122
1 876 1184 -69 254
1 492 721 -71 226
