1 0.06640625 0.9611111111111111 0.040625 0.07777777777777778
2 0.562890625 0.6472222222222223 0.19921875 0.7055555555555556
2 0.0546875 0.7930555555555555 0.109375 0.41388888888888886
2 0.141015625 0.8923611111111112 0.08203125 0.2152777777777778
1 0.612890625 0.5597222222222222 0.09921875 0.3388888888888889
1 0.06640625 0.9611111111111111 0.040625 0.07777777777777778
2 593 848 -296 212
2 0 140 124 422
2 128 233 410 565
1 721 848 37 281
1 59 111 608 664
2 593 848 -296 212
2 0 140 124 422
2 128 233 410 565
1 721 848 37 281
1 59 111 608 664
2 593 848 -296 212
2 0 140 124 422
2 128 233 410 565
1 721 848 37 281
1 59 111 608 664
