1 0.397265625 0.4930555555555556 0.24140625 0.5472222222222223
2 0.680859375 0.5 0.63828125 0.9194444444444444
1 0.746484375 0.5784722222222223 0.50703125 0.6986111111111111
2 0.4015625 0.4513888888888889 0.2671875 0.8861111111111111
1 0.397265625 0.4930555555555556 0.24140625 0.5472222222222223
2 463 1280 -633 29
1 631 1280 -338 165
2 343 685 -632 6
1 354 663 -236 158
2 463 1280 -633 29
1 631 1280 -338 165
2 343 685 -632 6
1 354 663 -236 158
2 463 1280 -633 29
1 631 1280 -338 165
2 343 685 -632 6
1 354 663 -236 158
