1 0.50078125 0.7180555555555556 0.196875 0.5638888888888889
2 0.46015625 0.6090277777777777 0.278125 0.7819444444444444
2 0.7578125 0.5993055555555555 0.440625 0.8013888888888889
2 0.94140625 0.6048611111111111 0.0640625 0.36527777777777776
1 0.7390625 0.725 0.2453125 0.55
1 0.50078125 0.7180555555555556 0.196875 0.5638888888888889
2 411 767 -406 157
2 688 1252 -434 143
2 1164 1246 41 304
1 789 1103 -72 324
1 515 767 -92 314
2 411 767 -406 157
2 688 1252 -434 143
2 1164 1246 41 304
1 789 1103 -72 324
1 515 767 -92 314
2 411 767 -406 157
2 688 1252 -434 143
2 1164 1246 41 304
1 789 1103 -72 324
1 515 767 -92 314
