2 0.66 0.6990632318501171 0.1 0.1053864168618267
2 0.858 0.5761124121779859 0.284 0.8477751756440282
2 0.719 0.47540983606557374 0.214 0.6370023419203747
2 0.512 0.8138173302107728 0.252 0.36768149882903983
2 0.529 0.6557377049180327 0.366 0.6885245901639344
0 0.658 0.3875878220140515 0.104 0.14754098360655737
0 0.771 0.21779859484777517 0.094 0.1358313817330211
2 0.569 0.6908665105386417 0.142 0.11241217798594848
2 0.66 0.6990632318501171 0.1 0.1053864168618267
2 358 500 -297 65
2 306 413 -205 67
2 193 319 112 269
2 173 356 -161 133
0 303 355 71 134
0 362 409 6 64
2 249 320 223 271
2 305 355 231 276
2 358 500 -297 65
2 306 413 -205 67
2 193 319 112 269
2 173 356 -161 133
0 303 355 71 134
0 362 409 6 64
2 249 320 223 271
2 305 355 231 276
2 358 500 -297 65
2 306 413 -205 67
2 193 319 112 269
2 173 356 -161 133
0 303 355 71 134
0 362 409 6 64
2 249 320 223 271
2 305 355 231 276
