1 0.492578125 0.18194444444444444 0.13984375 0.32222222222222224
2 0.61171875 0.6194444444444445 0.371875 0.7555555555555555
2 0.472265625 0.31527777777777777 0.21328125 0.6305555555555555
1 0.644140625 0.4666666666666667 0.27890625 0.3388888888888889
0 0.50703125 0.30694444444444446 0.0828125 0.15
1 0.492578125 0.18194444444444444 0.13984375 0.32222222222222224
2 545 1021 -370 174
2 468 741 -454 0
1 646 1003 -30 214
0 596 702 59 167
1 541 720 -217 15
2 545 1021 -370 174
2 468 741 -454 0
1 646 1003 -30 214
0 596 702 59 167
1 541 720 -217 15
2 545 1021 -370 174
2 468 741 -454 0
1 646 1003 -30 214
0 596 702 59 167
1 541 720 -217 15
