1 0.7109375 0.3548611111111111 0.125 0.2986111111111111
2 0.69765625 0.5083333333333333 0.1421875 0.8777777777777778
2 0.5421875 0.5236111111111111 0.1578125 0.8583333333333333
2 0.387890625 0.5479166666666667 0.19609375 0.8541666666666666
1 0.391015625 0.40555555555555556 0.13671875 0.3194444444444444
1 0.7109375 0.3548611111111111 0.125 0.2986111111111111
2 802 984 -582 50
2 593 795 -550 68
2 371 622 -528 87
1 413 588 -53 177
1 830 990 -67 148
2 802 984 -582 50
2 593 795 -550 68
2 371 622 -528 87
1 413 588 -53 177
1 830 990 -67 148
2 802 984 -582 50
2 593 795 -550 68
2 371 622 -528 87
1 413 588 -53 177
1 830 990 -67 148
