1 0.32265625 0.3923611111111111 0.1234375 0.30972222222222223
2 0.337109375 0.5375 0.19296875 0.8944444444444445
2 0.501953125 0.6868055555555556 0.30859375 0.6263888888888889
2 0.858984375 0.4951388888888889 0.20859375 0.8930555555555556
1 0.880078125 0.3076388888888889 0.12734375 0.29583333333333334
1 0.32265625 0.3923611111111111 0.1234375 0.30972222222222223
2 308 555 -579 65
2 445 840 -182 269
2 966 1233 -608 35
1 1045 1208 -98 115
1 334 492 -52 171
2 308 555 -579 65
2 445 840 -182 269
2 966 1233 -608 35
1 1045 1208 -98 115
1 334 492 -52 171
2 308 555 -579 65
2 445 840 -182 269
2 966 1233 -608 35
1 1045 1208 -98 115
1 334 492 -52 171
