2 0.40078125 0.44166666666666665 0.11875 0.28055555555555556
2 0.53359375 0.5472222222222223 0.1890625 0.6472222222222223
2 0.261328125 0.5361111111111111 0.23203125 0.6805555555555556
1 0.230078125 0.41180555555555554 0.14140625 0.28194444444444444
1 0.540234375 0.36527777777777776 0.15703125 0.24722222222222223
2 0.40078125 0.44166666666666665 0.11875 0.28055555555555556
2 562 804 -305 161
2 186 483 -349 141
1 204 385 -8 195
1 591 792 -4 174
2 437 589 15 217
2 562 804 -305 161
2 186 483 -349 141
1 204 385 -8 195
1 591 792 -4 174
2 437 589 15 217
2 562 804 -305 161
2 186 483 -349 141
1 204 385 -8 195
1 591 792 -4 174
2 437 589 15 217
