0 0.76171875 0.18055555555555555 0.0921875 0.12222222222222222
2 0.7796875 0.49722222222222223 0.2375 0.7777777777777778
2 0.4796875 0.5277777777777778 0.321875 0.7833333333333333
0 0.534375 0.20972222222222223 0.103125 0.13055555555555556
0 0.76171875 0.18055555555555555 0.0921875 0.12222222222222222
2 423 575 -241 39
2 204 410 -233 49
0 309 375 5 52
0 458 517 -1 43
2 423 575 -241 39
2 204 410 -233 49
0 309 375 5 52
0 458 517 -1 43
2 423 575 -241 39
2 204 410 -233 49
0 309 375 5 52
0 458 517 -1 43
