1 0.360546875 0.8243055555555555 0.23671875 0.35138888888888886
2 0.3609375 0.6409722222222223 0.24375 0.7180555555555556
2 0.774609375 0.5520833333333334 0.45078125 0.8902777777777777
1 0.827734375 0.8430555555555556 0.34296875 0.3138888888888889
1 0.360546875 0.8243055555555555 0.23671875 0.35138888888888886
2 306 618 -314 203
2 703 1280 -564 77
1 840 1279 268 494
1 310 613 214 467
2 306 618 -314 203
2 703 1280 -564 77
1 840 1279 268 494
1 310 613 214 467
2 306 618 -314 203
2 703 1280 -564 77
1 840 1279 268 494
1 310 613 214 467
