0 0.762 0.3888888888888889 0.024 0.021021021021021023
2 0.047 0.46096096096096095 0.066 0.3033033033033033
0 0.043 0.3258258258258258 0.034 0.03903903903903904
2 0.759 0.45045045045045046 0.038 0.15615615615615616
2 0.698 0.43093093093093093 0.024 0.1111111111111111
2 0.675 0.42792792792792794 0.026 0.10510510510510511
0 0.677 0.3858858858858859 0.014 0.02702702702702703
0 0.698 0.3858858858858859 0.02 0.021021021021021023
0 0.762 0.3888888888888889 0.024 0.021021021021021023
2 7 40 2 103
0 13 30 89 102
2 370 389 72 124
2 343 355 88 125
2 331 344 90 125
0 335 342 115 124
0 344 354 118 125
0 375 387 119 126
2 7 40 2 103
0 13 30 89 102
2 370 389 72 124
2 343 355 88 125
2 331 344 90 125
0 335 342 115 124
0 344 354 118 125
0 375 387 119 126
2 7 40 2 103
0 13 30 89 102
2 370 389 72 124
2 343 355 88 125
2 331 344 90 125
0 335 342 115 124
0 344 354 118 125
0 375 387 119 126
