1 0.408984375 0.34652777777777777 0.04609375 0.11527777777777778
2 0.46953125 0.4798611111111111 0.0703125 0.1486111111111111
2 0.406640625 0.3854166666666667 0.05703125 0.29583333333333334
2 0.355078125 0.3854166666666667 0.06953125 0.33194444444444443
1 0.351953125 0.33611111111111114 0.04609375 0.1388888888888889
1 0.408984375 0.34652777777777777 0.04609375 0.11527777777777778
2 556 646 185 292
2 484 557 -42 171
2 410 499 -81 158
1 421 480 92 192
1 494 553 125 208
2 556 646 185 292
2 484 557 -42 171
2 410 499 -81 158
1 421 480 92 192
1 494 553 125 208
2 556 646 185 292
2 484 557 -42 171
2 410 499 -81 158
1 421 480 92 192
1 494 553 125 208
