1 0.8 0.46111111111111114 0.1015625 0.18888888888888888
2 0.228515625 0.5458333333333333 0.27734375 0.9083333333333333
1 0.262109375 0.6784722222222223 0.18828125 0.6430555555555556
2 0.795703125 0.5576388888888889 0.12109375 0.5458333333333333
1 0.8 0.46111111111111114 0.1015625 0.18888888888888888
2 115 470 -588 66
1 215 456 -206 257
2 941 1096 -188 205
1 959 1089 128 264
2 115 470 -588 66
1 215 456 -206 257
2 941 1096 -188 205
1 959 1089 128 264
2 115 470 -588 66
1 215 456 -206 257
2 941 1096 -188 205
1 959 1089 128 264
