0 0.189 0.252 0.118 0.11466666666666667
2 0.195 0.5973333333333334 0.254 0.8053333333333333
2 0.587 0.604 0.234 0.792
2 0.864 0.6013333333333334 0.272 0.7973333333333333
0 0.847 0.23866666666666667 0.086 0.07733333333333334
0 0.542 0.26266666666666666 0.104 0.09866666666666667
0 0.189 0.252 0.118 0.11466666666666667
2 34 161 -229 73
2 235 352 -219 78
2 364 500 -223 76
0 402 445 46 75
0 245 297 43 80
0 65 124 30 73
2 34 161 -229 73
2 235 352 -219 78
2 364 500 -223 76
0 402 445 46 75
0 245 297 43 80
0 65 124 30 73
2 34 161 -229 73
2 235 352 -219 78
2 364 500 -223 76
0 402 445 46 75
0 245 297 43 80
0 65 124 30 73
