0 0.824 0.14933333333333335 0.252 0.18133333333333335
2 0.294 0.5786666666666667 0.192 0.8426666666666667
2 0.554 0.576 0.228 0.8426666666666667
2 0.773 0.5306666666666666 0.454 0.9386666666666666
0 0.312 0.20133333333333334 0.1 0.072
0 0.472 0.216 0.06 0.05333333333333334
0 0.579 0.204 0.106 0.10933333333333334
0 0.824 0.14933333333333335 0.252 0.18133333333333335
2 99 195 -257 59
2 220 334 -258 58
2 273 500 -329 23
0 131 181 35 62
0 221 251 51 71
0 263 316 15 56
0 349 475 -46 22
2 99 195 -257 59
2 220 334 -258 58
2 273 500 -329 23
0 131 181 35 62
0 221 251 51 71
0 263 316 15 56
0 349 475 -46 22
2 99 195 -257 59
2 220 334 -258 58
2 273 500 -329 23
0 131 181 35 62
0 221 251 51 71
0 263 316 15 56
0 349 475 -46 22
