0 0.5900900900900901 0.23647294589178355 0.13513513513513514 0.08016032064128256
2 0.4264264264264264 0.48997995991983967 0.24024024024024024 0.7034068136272545
2 0.6561561561561562 0.5761523046092184 0.3333333333333333 0.7354709418837675
2 0.6681681681681682 0.47394789579158314 0.36936936936936937 0.7555110220440882
2 0.29429429429429427 0.5621242484969939 0.34234234234234234 0.7434869739478958
0 0.32432432432432434 0.22244488977955912 0.16816816816816818 0.08817635270541083
0 0.42342342342342343 0.1623246492985972 0.12012012012012012 0.06813627254509018
0 0.6441441441441441 0.12024048096192384 0.15315315315315314 0.08016032064128256
0 0.5900900900900901 0.23647294589178355 0.13513513513513514 0.08016032064128256
2 102 182 -282 69
2 163 274 -263 104
2 161 284 -329 48
2 41 155 -276 95
0 80 136 45 89
0 121 161 30 64
0 189 240 0 40
0 174 219 58 98
2 102 182 -282 69
2 163 274 -263 104
2 161 284 -329 48
2 41 155 -276 95
0 80 136 45 89
0 121 161 30 64
0 189 240 0 40
0 174 219 58 98
2 102 182 -282 69
2 163 274 -263 104
2 161 284 -329 48
2 41 155 -276 95
0 80 136 45 89
0 121 161 30 64
0 189 240 0 40
0 174 219 58 98
