0 0.249609375 0.31952662721893493 0.23359375 0.2485207100591716
2 0.823828125 0.6161242603550295 0.35234375 0.7677514792899408
2 0.23125 0.5924556213017751 0.4625 0.8150887573964497
1 0.23125 0.7633136094674556 0.4625 0.47337278106508873
1 0.82578125 0.790680473372781 0.3484375 0.41863905325443784
0 0.81484375 0.3698224852071006 0.23125 0.2692307692307692
0 0.249609375 0.31952662721893493 0.23359375 0.2485207100591716
2 829 1280 -362 157
2 0 592 -426 125
1 0 592 36 356
1 834 1280 110 393
0 895 1191 -23 159
0 170 469 -36 132
2 829 1280 -362 157
2 0 592 -426 125
1 0 592 36 356
1 834 1280 110 393
0 895 1191 -23 159
0 170 469 -36 132
2 829 1280 -362 157
2 0 592 -426 125
1 0 592 36 356
1 834 1280 110 393
0 895 1191 -23 159
0 170 469 -36 132
