1 0.073046875 0.2986111111111111 0.09453125 0.225
2 0.09609375 0.33194444444444443 0.134375 0.49444444444444446
2 0.915234375 0.6215277777777778 0.16953125 0.7569444444444444
1 0.95703125 0.46458333333333335 0.0859375 0.32083333333333336
1 0.073046875 0.2986111111111111 0.09453125 0.225
2 37 209 -295 61
2 1063 1280 -370 175
1 1170 1280 -12 219
1 33 154 -28 134
2 37 209 -295 61
2 1063 1280 -370 175
1 1170 1280 -12 219
1 33 154 -28 134
2 37 209 -295 61
2 1063 1280 -370 175
1 1170 1280 -12 219
1 33 154 -28 134
