1 0.33828125 0.36527777777777776 0.11875 0.21944444444444444
2 0.359765625 0.46875 0.16640625 0.5958333333333333
2 0.546484375 0.43125 0.10546875 0.6430555555555556
2 0.932421875 0.5006944444444444 0.13515625 0.6625
2 0.195703125 0.5076388888888889 0.11328125 0.47638888888888886
1 0.33828125 0.36527777777777776 0.11875 0.21944444444444444
2 354 567 -306 123
2 632 767 -384 79
2 1107 1280 -355 122
2 178 323 -149 194
1 357 509 26 184
2 354 567 -306 123
2 632 767 -384 79
2 1107 1280 -355 122
2 178 323 -149 194
1 357 509 26 184
2 354 567 -306 123
2 632 767 -384 79
2 1107 1280 -355 122
2 178 323 -149 194
1 357 509 26 184
