1 0.493359375 0.6166666666666667 0.11953125 0.28888888888888886
2 0.4953125 0.6645833333333333 0.1328125 0.6125
2 0.391796875 0.46458333333333335 0.14453125 0.24027777777777778
1 0.3921875 0.5229166666666667 0.1359375 0.1486111111111111
1 0.493359375 0.6166666666666667 0.11953125 0.28888888888888886
2 549 719 -183 258
2 409 594 75 248
1 415 589 216 323
1 555 708 132 340
2 549 719 -183 258
2 409 594 75 248
1 415 589 216 323
1 555 708 132 340
2 549 719 -183 258
2 409 594 75 248
1 415 589 216 323
1 555 708 132 340
