1 0.69609375 0.7631944444444444 0.3171875 0.4736111111111111
2 0.77265625 0.6368055555555555 0.4546875 0.7263888888888889
2 0.3015625 0.5451388888888888 0.603125 0.9097222222222222
1 0.33203125 0.8409722222222222 0.4375 0.31805555555555554
1 0.69609375 0.7631944444444444 0.3171875 0.4736111111111111
2 698 1280 -326 197
2 0 772 -590 65
1 145 705 262 491
1 688 1094 38 379
2 698 1280 -326 197
2 0 772 -590 65
1 145 705 262 491
1 688 1094 38 379
2 698 1280 -326 197
2 0 772 -590 65
1 145 705 262 491
1 688 1094 38 379
