0 0.10946745562130178 0.34890965732087226 0.04378698224852071 0.07476635514018691
2 0.11479289940828402 0.6526479750778816 0.12307692307692308 0.6947040498442367
2 0.26272189349112424 0.6791277258566978 0.06390532544378698 0.6417445482866043
1 0.26331360946745563 0.5965732087227414 0.05325443786982249 0.2585669781931464
1 0.10236686390532544 0.5654205607476636 0.09349112426035502 0.2834890965732087
0 0.2591715976331361 0.397196261682243 0.0378698224852071 0.07165109034267912
0 0.10946745562130178 0.34890965732087226 0.04378698224852071 0.07476635514018691
2 45 149 -125 98
2 195 249 -91 115
1 200 245 67 150
1 47 126 45 136
0 203 235 93 116
0 74 111 76 100
2 45 149 -125 98
2 195 249 -91 115
1 200 245 67 150
1 47 126 45 136
0 203 235 93 116
0 74 111 76 100
2 45 149 -125 98
2 195 249 -91 115
1 200 245 67 150
1 47 126 45 136
0 203 235 93 116
0 74 111 76 100
