0 0.633984375 0.4395833333333333 0.01953125 0.029166666666666667
2 0.27109375 0.5590277777777778 0.0515625 0.23194444444444445
2 0.6515625 0.5555555555555556 0.0671875 0.26666666666666666
1 0.6546875 0.4986111111111111 0.05 0.09166666666666666
1 0.275 0.5277777777777778 0.0421875 0.09166666666666666
0 0.28359375 0.45625 0.025 0.0375
0 0.633984375 0.4395833333333333 0.01953125 0.029166666666666667
2 314 380 152 319
2 791 877 112 304
1 806 870 260 326
1 325 379 281 347
0 347 379 288 315
0 799 824 285 306
2 314 380 152 319
2 791 877 112 304
1 806 870 260 326
1 325 379 281 347
0 347 379 288 315
0 799 824 285 306
2 314 380 152 319
2 791 877 112 304
1 806 870 260 326
1 325 379 281 347
0 347 379 288 315
0 799 824 285 306
