1 0.43515625 0.7368055555555556 0.090625 0.24027777777777778
2 0.77734375 0.7472222222222222 0.2109375 0.5055555555555555
2 0.57421875 0.7743055555555556 0.2015625 0.44305555555555554
2 0.4421875 0.6923611111111111 0.1109375 0.3458333333333333
2 0.272265625 0.7576388888888889 0.22734375 0.47638888888888886
2 0.088671875 0.775 0.17734375 0.43333333333333335
1 0.43515625 0.7368055555555556 0.090625 0.24027777777777778
2 860 1130 -8 356
2 606 864 79 398
2 495 637 125 374
2 203 494 31 374
2 0 227 90 402
1 499 615 271 444
2 860 1130 -8 356
2 606 864 79 398
2 495 637 125 374
2 203 494 31 374
2 0 227 90 402
1 499 615 271 444
2 860 1130 -8 356
2 606 864 79 398
2 495 637 125 374
2 203 494 31 374
2 0 227 90 402
1 499 615 271 444
