0 0.5339622641509434 0.2535410764872521 0.23773584905660378 0.2521246458923513
2 0.26132075471698113 0.5708215297450425 0.35660377358490564 0.8583569405099151
2 0.559433962264151 0.5637393767705382 0.4547169811320755 0.8725212464589235
1 0.5509433962264151 0.7705382436260623 0.4075471698113208 0.45892351274787535
1 0.27641509433962264 0.7237960339943342 0.3113207547169811 0.5524079320113314
0 0.2971698113207547 0.23087818696883852 0.16792452830188678 0.17847025495750707
0 0.5339622641509434 0.2535410764872521 0.23773584905660378 0.2521246458923513
2 44 233 -253 50
2 176 417 -263 45
1 184 400 29 191
1 64 229 -37 158
0 113 202 -13 50
0 220 346 -44 45
2 44 233 -253 50
2 176 417 -263 45
1 184 400 29 191
1 64 229 -37 158
0 113 202 -13 50
0 220 346 -44 45
2 44 233 -253 50
2 176 417 -263 45
1 184 400 29 191
1 64 229 -37 158
0 113 202 -13 50
0 220 346 -44 45
