1 0.8273921200750469 0.42903458213256485 0.2728491021173948 0.7831412103746398
1 0.1672473867595819 0.4239913544668588 0.24819083355668722 0.7312680115273775
1 0.3604931653712142 0.5709654178674352 0.24926293218976145 0.7543227665706052
1 0.6223532564995979 0.5842939481268011 0.25194317877244704 0.7478386167146974
1 0.8273921200750469 0.42903458213256485 0.2728491021173948 0.7831412103746398
1 161 1087 -934 81
1 880 1810 -778 269
1 1852 2792 -746 292
1 2578 3596 -1035 52
1 161 1087 -934 81
1 880 1810 -778 269
1 1852 2792 -746 292
1 2578 3596 -1035 52
1 161 1087 -934 81
1 880 1810 -778 269
1 1852 2792 -746 292
1 2578 3596 -1035 52
