1 0.6157894736842106 0.397 0.5263157894736842 0.266
2 0.5157894736842106 0.542 0.7894736842105263 0.76
2 0.3473684210526316 0.363 0.6736842105263158 0.718
0 0.7421052631578947 0.106 0.30526315789473685 0.084
1 0.3894736842105263 0.201 0.5157894736842106 0.294
1 0.6157894736842106 0.397 0.5263157894736842 0.266
2 23 173 -299 81
2 2 130 -357 2
0 112 170 -10 32
1 25 123 -120 27
1 67 167 -1 132
2 23 173 -299 81
2 2 130 -357 2
0 112 170 -10 32
1 25 123 -120 27
1 67 167 -1 132
2 23 173 -299 81
2 2 130 -357 2
0 112 170 -10 32
1 25 123 -120 27
1 67 167 -1 132
