1 0.49921875 0.4 0.0703125 0.15
2 0.497265625 0.44722222222222224 0.08359375 0.37222222222222223
2 0.59765625 0.4722222222222222 0.0890625 0.39166666666666666
2 0.309375 0.5555555555555556 0.1078125 0.6194444444444445
2 0.212109375 0.5270833333333333 0.09765625 0.5402777777777777
1 0.23671875 0.4131944444444444 0.05625 0.17083333333333334
1 0.49921875 0.4 0.0703125 0.15
2 583 690 -80 188
2 708 822 -83 199
2 327 465 -269 177
2 209 334 -204 185
1 267 339 113 236
1 594 684 126 234
2 583 690 -80 188
2 708 822 -83 199
2 327 465 -269 177
2 209 334 -204 185
1 267 339 113 236
1 594 684 126 234
2 583 690 -80 188
2 708 822 -83 199
2 327 465 -269 177
2 209 334 -204 185
1 267 339 113 236
1 594 684 126 234
