0 0.488671875 0.14097222222222222 0.11953125 0.1625
2 0.448828125 0.425 0.29140625 0.7138888888888889
2 0.351171875 0.39652777777777776 0.13046875 0.6597222222222222
2 0.219921875 0.4548611111111111 0.12578125 0.6513888888888889
1 0.21484375 0.3625 0.0984375 0.24722222222222223
0 0.233984375 0.16527777777777777 0.05078125 0.06666666666666667
0 0.34140625 0.12013888888888889 0.0609375 0.09027777777777778
1 0.358203125 0.29444444444444445 0.09140625 0.2222222222222222
1 0.459375 0.5222222222222223 0.221875 0.45555555555555555
0 0.488671875 0.14097222222222222 0.11953125 0.1625
2 388 761 -465 49
2 366 533 -427 48
2 201 362 -376 93
1 212 338 -6 172
0 267 332 47 95
0 398 476 -11 54
1 400 517 -28 132
1 446 730 -116 212
0 549 702 -74 43
2 388 761 -465 49
2 366 533 -427 48
2 201 362 -376 93
1 212 338 -6 172
0 267 332 47 95
0 398 476 -11 54
1 400 517 -28 132
1 446 730 -116 212
0 549 702 -74 43
2 388 761 -465 49
2 366 533 -427 48
2 201 362 -376 93
1 212 338 -6 172
0 267 332 47 95
0 398 476 -11 54
1 400 517 -28 132
1 446 730 -116 212
0 549 702 -74 43
