1 0.763671875 0.7798611111111111 0.21796875 0.44027777777777777
2 0.20234375 0.5833333333333334 0.2515625 0.8333333333333334
1 0.1953125 0.7111111111111111 0.228125 0.5777777777777777
2 0.797265625 0.6666666666666666 0.34453125 0.6666666666666666
2 0.514453125 0.7013888888888888 0.35078125 0.5972222222222222
1 0.763671875 0.7798611111111111 0.21796875 0.44027777777777777
2 98 420 -480 120
1 104 396 -112 304
2 800 1241 -240 240
2 434 883 -140 290
1 838 1117 86 403
2 98 420 -480 120
1 104 396 -112 304
2 800 1241 -240 240
2 434 883 -140 290
1 838 1117 86 403
2 98 420 -480 120
1 104 396 -112 304
2 800 1241 -240 240
2 434 883 -140 290
1 838 1117 86 403
