1 0.71484375 0.5 0.1875 0.36666666666666664
2 0.687109375 0.5708333333333333 0.24140625 0.8583333333333333
2 0.45078125 0.5 0.24375 1.0
2 0.1 0.5590277777777778 0.2 0.8819444444444444
1 0.09375 0.6666666666666666 0.1875 0.6666666666666666
2 0.101953125 0.5645833333333333 0.20390625 0.8708333333333333
1 0.433984375 0.6409722222222223 0.25078125 0.6402777777777777
1 0.71484375 0.5 0.1875 0.36666666666666664
2 725 1034 -516 102
2 421 733 -720 0
2 0 256 -550 85
1 0 240 -240 240
2 0 261 -534 93
1 395 716 -230 231
1 795 1035 -36 228
2 725 1034 -516 102
2 421 733 -720 0
2 0 256 -550 85
1 0 240 -240 240
2 0 261 -534 93
1 395 716 -230 231
1 795 1035 -36 228
2 725 1034 -516 102
2 421 733 -720 0
2 0 256 -550 85
1 0 240 -240 240
2 0 261 -534 93
1 395 716 -230 231
1 795 1035 -36 228
