1 0.392578125 0.48055555555555557 0.05234375 0.11388888888888889
2 0.387890625 0.5409722222222222 0.05546875 0.2791666666666667
2 0.5578125 0.6986111111111111 0.1640625 0.6027777777777777
2 0.68828125 0.7201388888888889 0.1171875 0.5597222222222222
1 0.392578125 0.48055555555555557 0.05234375 0.11388888888888889
2 461 532 88 289
2 609 819 -148 286
2 806 956 -86 317
1 469 536 223 305
2 461 532 88 289
2 609 819 -148 286
2 806 956 -86 317
1 469 536 223 305
2 461 532 88 289
2 609 819 -148 286
2 806 956 -86 317
1 469 536 223 305
