2 0.495 0.6122754491017964 0.07 0.27844311377245506
2 0.383 0.6032934131736527 0.086 0.3083832335329341
2 0.302 0.6017964071856288 0.076 0.31736526946107785
2 0.176 0.6032934131736527 0.076 0.2844311377245509
2 0.079 0.6107784431137725 0.102 0.2934131736526946
2 0.805 0.6541916167664671 0.07 0.39221556886227543
2 0.929 0.6691616766467066 0.074 0.38023952095808383
2 0.613 0.6017964071856288 0.078 0.2874251497005988
2 0.719 0.6212574850299402 0.082 0.3023952095808383
2 0.495 0.6122754491017964 0.07 0.27844311377245506
