2 0.921 0.6437699680511182 0.098 0.5335463258785943
2 0.059 0.6741214057507987 0.094 0.5303514376996805
2 0.165 0.6613418530351438 0.098 0.536741214057508
2 0.279 0.6246006389776357 0.106 0.5910543130990416
2 0.382 0.6389776357827476 0.104 0.5559105431309904
2 0.482 0.6405750798722045 0.092 0.5399361022364217
2 0.574 0.6405750798722045 0.088 0.5207667731629393
2 0.661 0.6629392971246006 0.086 0.4952076677316294
2 0.732 0.6517571884984026 0.084 0.5239616613418531
2 0.82 0.6533546325878594 0.092 0.5143769968051118
2 0.921 0.6437699680511182 0.098 0.5335463258785943
