0 0.2685370741482966 0.3183183183183183 0.04008016032064128 0.06006006006006006
2 0.4438877755511022 0.4894894894894895 0.07014028056112225 0.37237237237237236
2 0.2565130260521042 0.5480480480480481 0.0841683366733467 0.5315315315315315
2 0.37975951903807614 0.484984984984985 0.07014028056112225 0.44144144144144143
1 0.24649298597194388 0.44594594594594594 0.0841683366733467 0.19519519519519518
2 0.33567134268537074 0.5495495495495496 0.1062124248496994 0.4984984984984985
1 0.32965931863727455 0.4804804804804805 0.1062124248496994 0.1921921921921922
1 0.4338677354709419 0.5 0.07014028056112225 0.26126126126126126
2 0.591182364729459 0.536036036036036 0.20040080160320642 0.2012012012012012
0 0.6422845691382766 0.4594594594594595 0.05811623246492986 0.05405405405405406
0 0.4338677354709419 0.32882882882882886 0.050100200400801605 0.04504504504504504
0 0.375751503006012 0.30180180180180183 0.050100200400801605 0.057057057057057055
0 0.3396793587174349 0.34234234234234234 0.04609218436873747 0.06606606606606606
0 0.2685370741482966 0.3183183183183183 0.04008016032064128 0.06006006006006006
