0 0.81171875 0.2791666666666667 0.046875 0.05555555555555555
2 0.710546875 0.6138888888888889 0.24921875 0.7722222222222223
2 0.792578125 0.49027777777777776 0.08203125 0.4777777777777778
2 0.9484375 0.34375 0.103125 0.29305555555555557
1 0.956640625 0.38819444444444445 0.08046875 0.18194444444444444
1 0.80078125 0.46319444444444446 0.078125 0.2375
1 0.691015625 0.5548611111111111 0.17265625 0.3402777777777778
0 0.7203125 0.30625 0.103125 0.15416666666666667
0 0.9515625 0.22083333333333333 0.071875 0.058333333333333334
0 0.81171875 0.2791666666666667 0.046875 0.05555555555555555
