0 0.1078125 0.2965277777777778 0.0765625 0.07083333333333333
2 0.42890625 0.60625 0.209375 0.7875
2 0.21015625 0.5388888888888889 0.171875 0.8111111111111111
2 0.113671875 0.6236111111111111 0.14609375 0.7333333333333333
1 0.10234375 0.5055555555555555 0.1125 0.28055555555555556
1 0.191015625 0.36944444444444446 0.11015625 0.2388888888888889
1 0.41015625 0.46805555555555556 0.13125 0.2833333333333333
0 0.43984375 0.275 0.0703125 0.11666666666666667
0 0.202734375 0.17430555555555555 0.06796875 0.09027777777777778
0 0.1078125 0.2965277777777778 0.0765625 0.07083333333333333
