0 0.64794921875 0.3404099560761347 0.0634765625 0.07174231332357248
2 0.41796875 0.5439238653001464 0.115234375 0.5871156661786238
2 0.55126953125 0.5636896046852123 0.1044921875 0.5534407027818448
2 0.66015625 0.5739385065885798 0.119140625 0.541727672035139
1 0.66748046875 0.47218155197657397 0.0947265625 0.19765739385065886
1 0.55029296875 0.4677891654465593 0.0869140625 0.18594436310395315
1 0.4208984375 0.445095168374817 0.103515625 0.19912152269399708
0 0.44580078125 0.2862371888726208 0.0634765625 0.06881405563689605
0 0.5498046875 0.32210834553440704 0.0546875 0.06149341142020498
0 0.64794921875 0.3404099560761347 0.0634765625 0.07174231332357248
