0 0.026171875 0.33819444444444446 0.05234375 0.07361111111111111
2 0.291796875 0.6201388888888889 0.18359375 0.7541666666666667
2 0.112890625 0.6513888888888889 0.22578125 0.6638888888888889
2 0.499609375 0.6291666666666667 0.20703125 0.7416666666666667
2 0.6609375 0.6020833333333333 0.2078125 0.7958333333333333
2 0.846484375 0.5 0.30703125 1.0
0 0.848046875 0.13472222222222222 0.30390625 0.26944444444444443
0 0.640625 0.275 0.109375 0.16111111111111112
0 0.49140625 0.3159722222222222 0.0890625 0.10138888888888889
0 0.291015625 0.3090277777777778 0.07734375 0.10694444444444444
0 0.026171875 0.33819444444444446 0.05234375 0.07361111111111111
