0 0.8866666666666667 0.8392857142857143 0.22666666666666666 0.32142857142857145
0 0.19833333333333333 0.5133928571428571 0.25666666666666665 0.42857142857142855
0 0.49666666666666665 0.5044642857142857 0.26666666666666666 0.4375
0 0.7816666666666666 0.5111607142857143 0.27 0.4330357142857143
0 0.6566666666666666 0.8526785714285714 0.2733333333333333 0.29464285714285715
0 0.3516666666666667 0.8459821428571429 0.27 0.3080357142857143
0 0.33666666666666667 0.17410714285714285 0.22666666666666666 0.3482142857142857
0 0.10666666666666667 0.8348214285714286 0.2 0.33035714285714285
0 0.6283333333333333 0.14955357142857142 0.25666666666666665 0.29910714285714285
0 0.8916666666666667 0.16517857142857142 0.21666666666666667 0.32142857142857145
0 0.11166666666666666 0.15625 0.22333333333333333 0.3125
0 0.8866666666666667 0.8392857142857143 0.22666666666666666 0.32142857142857145
