0 0.981 0.18266666666666667 0.038 0.072
2 0.956 0.496 0.088 0.736
2 0.682 0.464 0.144 0.56
2 0.832 0.5613333333333334 0.18 0.8773333333333333
2 0.608 0.352 0.044 0.2986666666666667
2 0.55 0.42533333333333334 0.088 0.36
2 0.504 0.32666666666666666 0.064 0.232
2 0.433 0.5026666666666667 0.174 0.43466666666666665
2 0.411 0.42933333333333334 0.07 0.4
2 0.208 0.5773333333333334 0.176 0.6053333333333333
2 0.06 0.628 0.12 0.744
0 0.041 0.30666666666666664 0.082 0.09066666666666667
0 0.165 0.324 0.07 0.06133333333333333
0 0.4 0.2986666666666667 0.052 0.05333333333333334
0 0.401 0.25066666666666665 0.054 0.032
0 0.508 0.22533333333333333 0.028 0.034666666666666665
0 0.706 0.22666666666666666 0.072 0.064
0 0.564 0.264 0.044 0.05333333333333334
0 0.608 0.236 0.044 0.050666666666666665
0 0.829 0.18533333333333332 0.09 0.088
0 0.981 0.18266666666666667 0.038 0.072
