0 0.668359375 0.5909722222222222 0.04609375 0.04583333333333333
2 0.21328125 0.7201388888888889 0.15625 0.5569444444444445
2 0.317578125 0.7055555555555556 0.13984375 0.5888888888888889
2 0.56015625 0.7256944444444444 0.234375 0.5486111111111112
2 0.668359375 0.7756944444444445 0.07265625 0.39861111111111114
1 0.672265625 0.7618055555555555 0.05703125 0.20694444444444443
1 0.581640625 0.8215277777777777 0.20390625 0.35694444444444445
1 0.31328125 0.6826388888888889 0.1234375 0.29305555555555557
0 0.193359375 0.5125 0.06953125 0.1527777777777778
0 0.305859375 0.4597222222222222 0.05546875 0.1
1 0.2234375 0.7833333333333333 0.1359375 0.375
0 0.56328125 0.5215277777777778 0.1296875 0.14027777777777778
0 0.668359375 0.5909722222222222 0.04609375 0.04583333333333333
