0 0.114 0.5970873786407767 0.064 0.09385113268608414
2 0.913 0.7022653721682848 0.134 0.5566343042071198
2 0.599 0.7087378640776699 0.17 0.5566343042071198
2 0.435 0.7475728155339806 0.114 0.5048543689320388
2 0.272 0.7475728155339806 0.124 0.4919093851132686
2 0.1 0.7734627831715211 0.168 0.44660194174757284
1 0.113 0.8284789644012945 0.122 0.32362459546925565
1 0.268 0.7702265372168284 0.12 0.3106796116504854
1 0.44 0.7087378640776699 0.128 0.2459546925566343
1 0.604 0.7378640776699029 0.144 0.3559870550161812
1 0.722 0.656957928802589 0.08 0.1941747572815534
1 0.84 0.6359223300970874 0.06 0.18446601941747573
1 0.915 0.63915857605178 0.126 0.24271844660194175
0 0.897 0.45145631067961167 0.042 0.05501618122977346
0 0.841 0.49838187702265374 0.038 0.045307443365695796
0 0.718 0.5129449838187702 0.04 0.04854368932038835
0 0.59 0.4773462783171521 0.072 0.09385113268608414
0 0.423 0.5307443365695793 0.038 0.05825242718446602
0 0.254 0.540453074433657 0.064 0.07766990291262135
0 0.195 0.49514563106796117 0.034 0.045307443365695796
1 0.188 0.6051779935275081 0.076 0.1423948220064725
0 0.114 0.5970873786407767 0.064 0.09385113268608414
