2 0.333 0.4159159159159159 0.178 0.5255255255255256
2 0.594 0.43543543543543545 0.348 0.6666666666666666
2 0.578 0.7312312312312312 0.348 0.5195195195195195
2 0.307 0.7807807807807807 0.174 0.4264264264264264
2 0.098 0.7987987987987988 0.192 0.4024024024024024
2 0.141 0.3783783783783784 0.21 0.5525525525525525
2 0.333 0.4159159159159159 0.178 0.5255255255255256
2 210 384 -188 34
2 202 376 -16 157
2 110 197 47 189
2 1 97 65 199
2 18 123 -150 34
2 122 211 -124 51
2 210 384 -188 34
2 202 376 -16 157
2 110 197 47 189
2 1 97 65 199
2 18 123 -150 34
2 122 211 -124 51
2 210 384 -188 34
2 202 376 -16 157
2 110 197 47 189
2 1 97 65 199
2 18 123 -150 34
2 122 211 -124 51
