2 0.909 0.6053333333333333 0.182 0.7573333333333333
2 0.29 0.5986666666666667 0.328 0.8026666666666666
2 0.565 0.5746666666666667 0.254 0.8506666666666667
2 0.075 0.6146666666666667 0.15 0.7706666666666667
2 0.728 0.6 0.18 0.768
2 0.909 0.6053333333333333 0.182 0.7573333333333333
2 63 227 -227 74
2 219 346 -263 56
2 0 75 -203 86
2 319 409 -207 81
2 409 500 -199 85
2 63 227 -227 74
2 219 346 -263 56
2 0 75 -203 86
2 319 409 -207 81
2 409 500 -199 85
2 63 227 -227 74
2 219 346 -263 56
2 0 75 -203 86
2 319 409 -207 81
2 409 500 -199 85
