2 0.77 0.6996996996996997 0.12 0.4864864864864865
2 0.318 0.7147147147147147 0.104 0.5705705705705706
2 0.407 0.7582582582582582 0.098 0.48348348348348347
2 0.563 0.7597597597597597 0.142 0.4624624624624625
2 0.669 0.7057057057057057 0.086 0.5285285285285285
2 0.877 0.7042042042042042 0.102 0.4774774774774775
2 0.466 0.16666666666666666 0.184 0.19519519519519518
2 0.552 0.16666666666666666 0.148 0.2012012012012012
2 0.63 0.16666666666666666 0.132 0.1891891891891892
2 0.718 0.16366366366366367 0.172 0.1891891891891892
2 0.77 0.6996996996996997 0.12 0.4864864864864865
2 133 185 -47 143
2 179 228 11 172
2 246 317 22 176
2 313 356 -29 147
2 413 464 -4 155
2 187 279 -42 23
2 239 313 -45 22
2 282 348 -39 24
2 316 402 -40 23
2 355 415 -10 152
2 133 185 -47 143
2 179 228 11 172
2 246 317 22 176
2 313 356 -29 147
2 413 464 -4 155
2 187 279 -42 23
2 239 313 -45 22
2 282 348 -39 24
2 316 402 -40 23
2 355 415 -10 152
2 133 185 -47 143
2 179 228 11 172
2 246 317 22 176
2 313 356 -29 147
2 413 464 -4 155
2 187 279 -42 23
2 239 313 -45 22
2 282 348 -39 24
2 316 402 -40 23
2 355 415 -10 152
