2 38 132 146 270
2 142 217 142 271
2 223 292 150 275
2 295 361 144 272
2 346 394 57 262
2 307 338 81 141
2 240 298 78 147
2 193 239 81 144
2 140 187 69 142
2 87 132 77 143
2 38 146 94 124
2 142 142 75 129
2 223 150 69 125
2 295 144 66 128
2 346 57 48 205
2 307 81 31 60
2 240 78 58 69
2 193 81 46 63
2 140 69 47 73
2 87 77 45 66
2 85.0 208.0 94 124
2 179.5 206.5 75 129
2 257.5 212.5 69 125
2 328.0 208.0 66 128
2 370.0 159.5 48 205
2 322.5 111.0 31 60
2 269.0 112.5 58 69
2 216.0 112.5 46 63
2 163.5 105.5 47 73
2 109.5 110.0 45 66
