2 0.487 0.503003003003003 0.198 0.8858858858858859
2 0.127 0.5885885885885885 0.254 0.8228228228228228
2 0.402 0.6396396396396397 0.344 0.7207207207207207
2 0.812 0.6006006006006006 0.376 0.7987987987987988
2 0.89 0.4594594594594595 0.22 0.5645645645645646
2 0.618 0.6006006006006006 0.22 0.7867867867867868
2 0.215 0.5555555555555556 0.314 0.7147147147147147
2 0.487 0.503003003003003 0.198 0.8858858858858859
2 0 127 -215 59
2 115 287 -147 93
2 312 500 -199 67
2 390 500 -129 59
2 254 364 -193 69
2 29 186 -172 66
2 194 293 -275 20
2 0 127 -215 59
2 115 287 -147 93
2 312 500 -199 67
2 390 500 -129 59
2 254 364 -193 69
2 29 186 -172 66
2 194 293 -275 20
2 0 127 -215 59
2 115 287 -147 93
2 312 500 -199 67
2 390 500 -129 59
2 254 364 -193 69
2 29 186 -172 66
2 194 293 -275 20
