2 53 113 172 267
2 118 181 173 258
2 177 243 181 273
2 333 463 158 294
2 287 382 157 279
2 240 298 69 149
2 186 240 34 153
2 238 291 179 268
2 131 188 90 157
2 0 40 172 267
2 53 172 60 95
2 118 173 63 85
2 177 181 66 92
2 333 158 130 136
2 287 157 95 122
2 240 69 58 80
2 186 34 54 119
2 238 179 53 89
2 131 90 57 67
2 0 172 40 95
2 83.0 219.5 60 95
2 149.5 215.5 63 85
2 210.0 227.0 66 92
2 398.0 226.0 130 136
2 334.5 218.0 95 122
2 269.0 109.0 58 80
2 213.0 93.5 54 119
2 264.5 223.5 53 89
2 159.5 123.5 57 67
2 20.0 219.5 40 95
