2 0 87 166 374
2 19 150 88 373
2 142 194 252 313
2 100 167 88 266
2 89 145 34 141
2 143 222 43 226
2 222 302 36 220
2 290 359 88 210
2 174 343 159 372
2 299 462 162 375
2 326 408 43 130
2 374 486 91 203
2 0 166 87 208
2 19 88 131 285
2 142 252 52 61
2 100 88 67 178
2 89 34 56 107
2 143 43 79 183
2 222 36 80 184
2 290 88 69 122
2 174 159 169 213
2 299 162 163 213
2 326 43 82 87
2 374 91 112 112
2 43.5 270.0 87 208
2 84.5 230.5 131 285
2 168.0 282.5 52 61
2 133.5 177.0 67 178
2 117.0 87.5 56 107
2 182.5 134.5 79 183
2 262.0 128.0 80 184
2 324.5 149.0 69 122
2 258.5 265.5 169 213
2 380.5 268.5 163 213
2 367.0 86.5 82 87
2 430.0 147.0 112 112
