2 0.9118236472945892 0.5568181818181818 0.17635270541082165 0.8409090909090909
2 0.4589178356713427 0.6454545454545455 0.14428857715430862 0.7090909090909091
2 0.313627254509018 0.575 0.1623246492985972 0.85
2 0.20040080160320642 0.5886363636363636 0.11623246492985972 0.8227272727272728
2 0.10120240480961924 0.5477272727272727 0.1462925851703407 0.9045454545454545
2 0.5490981963927856 0.5681818181818182 0.12424849699398798 0.8636363636363636
2 0.6232464929859719 0.615909090909091 0.16032064128256512 0.7681818181818182
2 0.9118236472945892 0.5568181818181818 0.17635270541082165 0.8409090909090909
2 193 265 -92 64
2 116 197 -154 33
2 71 129 -142 39
2 14 87 -178 21
2 243 305 -160 30
2 271 351 -118 51
2 411 499 -155 30
2 193 265 -92 64
2 116 197 -154 33
2 71 129 -142 39
2 14 87 -178 21
2 243 305 -160 30
2 271 351 -118 51
2 411 499 -155 30
2 193 265 -92 64
2 116 197 -154 33
2 71 129 -142 39
2 14 87 -178 21
2 243 305 -160 30
2 271 351 -118 51
2 411 499 -155 30
