2 0.14428857715430862 0.6051051051051051 0.28857715430861725 0.7897897897897898
2 0.9018036072144289 0.6381381381381381 0.1963927855711423 0.7237237237237237
2 0.7264529058116233 0.6651651651651652 0.22645290581162325 0.6696696696696697
2 0.5601202404809619 0.5900900900900901 0.2545090180360721 0.8198198198198198
2 0.4028056112224449 0.6426426426426426 0.23246492985971945 0.7147147147147147
2 0.14428857715430862 0.6051051051051051 0.28857715430861725 0.7897897897897898
2 401 499 -149 92
2 306 419 -113 110
2 216 343 -213 60
2 143 259 -143 95
2 0 144 -193 70
2 401 499 -149 92
2 306 419 -113 110
2 216 343 -213 60
2 143 259 -143 95
2 0 144 -193 70
2 401 499 -149 92
2 306 419 -113 110
2 216 343 -213 60
2 143 259 -143 95
2 0 144 -193 70
