2 0.342685370741483 0.46996996996997 0.4529058116232465 0.5615615615615616
2 0.656312625250501 0.6216216216216216 0.2785571142284569 0.7567567567567568
2 0.39779559118236474 0.7552552552552553 0.21042084168336672 0.48348348348348347
2 0.22244488977955912 0.6606606606606606 0.10020040080160321 0.6786786786786787
2 0.342685370741483 0.46996996996997 0.4529058116232465 0.5615615615615616
2 258 397 -171 81
2 146 251 10 171
2 86 136 -119 107
2 58 284 -124 63
2 258 397 -171 81
2 146 251 10 171
2 86 136 -119 107
2 58 284 -124 63
2 258 397 -171 81
2 146 251 10 171
2 86 136 -119 107
2 58 284 -124 63
