2 0.8997995991983968 0.546969696969697 0.20040080160320642 0.906060606060606
2 0.2665330661322645 0.6909090909090909 0.533066132264529 0.6181818181818182
2 0.3877755511022044 0.5666666666666667 0.2785571142284569 0.6303030303030303
2 0.6723446893787575 0.6393939393939394 0.25851703406813625 0.7212121212121212
2 0.8997995991983968 0.546969696969697 0.20040080160320642 0.906060606060606
2 0 266 -78 126
2 124 263 -125 83
2 271 400 -146 92
2 399 499 -268 31
2 0 266 -78 126
2 124 263 -125 83
2 271 400 -146 92
2 399 499 -268 31
2 0 266 -78 126
2 124 263 -125 83
2 271 400 -146 92
2 399 499 -268 31
