2 6 53 128 294
2 58 107 123 291
2 113 166 103 288
2 165 217 113 287
2 218 264 116 285
2 265 309 119 282
2 309 352 130 285
2 345 387 122 286
2 387 433 124 285
2 436 485 118 285
2 6 128 47 166
2 58 123 49 168
2 113 103 53 185
2 165 113 52 174
2 218 116 46 169
2 265 119 44 163
2 309 130 43 155
2 345 122 42 164
2 387 124 46 161
2 436 118 49 167
2 29.5 211.0 47 166
2 82.5 207.0 49 168
2 139.5 195.5 53 185
2 191.0 200.0 52 174
2 241.0 200.5 46 169
2 287.0 200.5 44 163
2 330.5 207.5 43 155
2 366.0 204.0 42 164
2 410.0 204.5 46 161
2 460.5 201.5 49 167
