2 0.786 0.6253333333333333 0.124 0.7333333333333333
2 0.148 0.5 0.148 0.5306666666666666
2 0.271 0.4826666666666667 0.154 0.5546666666666666
2 0.389 0.49466666666666664 0.11 0.552
2 0.486 0.5173333333333333 0.096 0.5706666666666667
2 0.594 0.5253333333333333 0.132 0.624
2 0.672 0.5866666666666667 0.104 0.6933333333333334
2 0.786 0.6253333333333333 0.124 0.7333333333333333
2 37 111 -111 88
2 97 174 -131 77
2 167 222 -125 82
2 219 267 -127 87
2 264 330 -154 80
2 310 362 -170 90
2 362 424 -178 97
2 37 111 -111 88
2 97 174 -131 77
2 167 222 -125 82
2 219 267 -127 87
2 264 330 -154 80
2 310 362 -170 90
2 362 424 -178 97
2 37 111 -111 88
2 97 174 -131 77
2 167 222 -125 82
2 219 267 -127 87
2 264 330 -154 80
2 310 362 -170 90
2 362 424 -178 97
