1 0.312109375 0.36736111111111114 0.08671875 0.1625
2 0.61484375 0.5895833333333333 0.33125 0.2513888888888889
2 0.31328125 0.44166666666666665 0.0921875 0.4222222222222222
2 0.154296875 0.4215277777777778 0.13046875 0.4875
1 0.15390625 0.3486111111111111 0.11875 0.21944444444444444
1 0.312109375 0.36736111111111114 0.08671875 0.1625
2 575 999 153 334
2 342 460 -138 166
2 114 281 -223 128
1 121 273 14 172
1 344 455 89 206
2 575 999 153 334
2 342 460 -138 166
2 114 281 -223 128
1 121 273 14 172
1 344 455 89 206
2 575 999 153 334
2 342 460 -138 166
2 114 281 -223 128
1 121 273 14 172
1 344 455 89 206
