1 0.9218436873747495 0.6460843373493976 0.156312625250501 0.6355421686746988
2 0.533066132264529 0.5421686746987951 0.43286573146292584 0.9096385542168675
2 0.9158316633266533 0.5451807228915663 0.1683366733466934 0.9096385542168675
1 0.5561122244488977 0.5828313253012049 0.250501002004008 0.5692771084337349
0 0.5701402805611222 0.17319277108433734 0.15030060120240482 0.16566265060240964
0 0.9679358717434869 0.15060240963855423 0.06412825651302605 0.1144578313253012
1 0.9218436873747495 0.6460843373493976 0.156312625250501 0.6355421686746988
2 158 374 -273 29
2 415 499 -272 30
1 215 340 -90 99
0 247 322 -25 30
0 467 499 -7 31
1 421 499 -102 109
2 158 374 -273 29
2 415 499 -272 30
1 215 340 -90 99
0 247 322 -25 30
0 467 499 -7 31
1 421 499 -102 109
2 158 374 -273 29
2 415 499 -272 30
1 215 340 -90 99
0 247 322 -25 30
0 467 499 -7 31
1 421 499 -102 109
