0 21 98 67 163
0 109 189 64 162
0 194 275 66 163
0 156 238 158 224
0 65 146 155 224
0 67 135 0 78
0 2 62 150 224
0 150 227 0 67
0 235 300 1 73
0 0 67 0 70
0 232 300 152 224
0 21 67 77 96
0 109 64 80 98
0 194 66 81 97
0 156 158 82 66
0 65 155 81 69
0 67 0 68 78
0 2 150 60 74
0 150 0 77 67
0 235 1 65 72
0 0 0 67 70
0 232 152 68 72
0 59.5 115.0 77 96
0 149.0 113.0 80 98
0 234.5 114.5 81 97
0 197.0 191.0 82 66
0 105.5 189.5 81 69
0 101.0 39.0 68 78
0 32.0 187.0 60 74
0 188.5 33.5 77 67
0 267.5 37.0 65 72
0 33.5 35.0 67 70
0 266.0 188.0 68 72
