2 0.486328125 0.4513888888888889 0.06953125 0.3055555555555556
2 0.403125 0.43194444444444446 0.078125 0.3888888888888889
2 0.3296875 0.42083333333333334 0.0703125 0.41388888888888886
1 0.316796875 0.3375 0.04609375 0.14166666666666666
1 0.40234375 0.36736111111111114 0.0671875 0.15416666666666667
2 0.2296875 0.4076388888888889 0.0625 0.3263888888888889
2 0.486328125 0.4513888888888889 0.06953125 0.3055555555555556
2 466 566 -109 171
2 377 467 -144 154
1 376 435 90 192
1 472 558 98 209
2 254 334 -59 176
2 578 667 -5 215
2 466 566 -109 171
2 377 467 -144 154
1 376 435 90 192
1 472 558 98 209
2 254 334 -59 176
2 578 667 -5 215
2 466 566 -109 171
2 377 467 -144 154
1 376 435 90 192
1 472 558 98 209
2 254 334 -59 176
2 578 667 -5 215
