2 369 487 171 572
2 511 618 196 574
2 615 737 207 577
1 635 732 255 390
1 519 608 256 383
1 378 484 236 372
0 424 489 172 219
0 535 591 199 241
0 631 696 208 257
2 369 171 118 401
2 511 196 107 378
2 615 207 122 370
1 635 255 97 135
1 519 256 89 127
1 378 236 106 136
0 424 172 65 47
0 535 199 56 42
0 631 208 65 49
2 428.0 371.5 118 401
2 564.5 385.0 107 378
2 676.0 392.0 122 370
1 683.5 322.5 97 135
1 563.5 319.5 89 127
1 431.0 304.0 106 136
0 456.5 195.5 65 47
0 563.0 220.0 56 42
0 663.5 232.5 65 49
