2 0.9346666666666666 0.109 0.13066666666666665 0.218
2 0.5213333333333333 0.331 0.2853333333333333 0.478
2 0.30266666666666664 0.735 0.31733333333333336 0.474
2 0.248 0.826 0.31466666666666665 0.348
0 0.288 0.705 0.20266666666666666 0.11
0 0.2613333333333333 0.553 0.15466666666666667 0.09
0 0.9133333333333333 0.051 0.17333333333333334 0.102
0 0.484 0.157 0.11466666666666667 0.074
2 0.9346666666666666 0.109 0.13066666666666665 0.218
2 142 249 -193 46
2 54 173 12 249
2 34 152 152 326
0 70 146 270 325
0 69 127 209 254
0 310 375 -51 0
0 160 203 23 60
2 326 375 -109 0
2 142 249 -193 46
2 54 173 12 249
2 34 152 152 326
0 70 146 270 325
0 69 127 209 254
0 310 375 -51 0
0 160 203 23 60
2 326 375 -109 0
2 142 249 -193 46
2 54 173 12 249
2 34 152 152 326
0 70 146 270 325
0 69 127 209 254
0 310 375 -51 0
0 160 203 23 60
2 326 375 -109 0
