1 0.737890625 0.3861111111111111 0.21171875 0.38055555555555554
2 0.73984375 0.5111111111111111 0.246875 0.9777777777777777
2 0.08359375 0.5486111111111112 0.1671875 0.9
1 0.06171875 0.7041666666666667 0.1234375 0.5916666666666667
0 0.049609375 0.25416666666666665 0.09921875 0.31666666666666665
0 0.712890625 0.10138888888888889 0.08828125 0.12777777777777777
1 0.737890625 0.3861111111111111 0.21171875 0.38055555555555554
2 789 1105 -688 16
2 0 214 -577 71
1 0 158 -132 294
0 0 127 -159 69
0 856 969 -65 27
1 809 1080 -133 141
2 789 1105 -688 16
2 0 214 -577 71
1 0 158 -132 294
0 0 127 -159 69
0 856 969 -65 27
1 809 1080 -133 141
2 789 1105 -688 16
2 0 214 -577 71
1 0 158 -132 294
0 0 127 -159 69
0 856 969 -65 27
1 809 1080 -133 141
