1 0.779296875 0.5027777777777778 0.15859375 0.4305555555555556
2 0.407421875 0.69375 0.28046875 0.6125
2 0.765234375 0.5784722222222223 0.20390625 0.8430555555555556
2 0.641015625 0.6305555555555555 0.21953125 0.7388888888888889
1 0.667578125 0.4513888888888889 0.13046875 0.22777777777777777
1 0.779296875 0.5027777777777778 0.15859375 0.4305555555555556
2 342 701 -162 279
2 849 1110 -494 113
2 680 961 -344 188
1 771 938 79 243
1 896 1099 -103 207
2 342 701 -162 279
2 849 1110 -494 113
2 680 961 -344 188
1 771 938 79 243
1 896 1099 -103 207
2 342 701 -162 279
2 849 1110 -494 113
2 680 961 -344 188
1 771 938 79 243
1 896 1099 -103 207
