0 0.508984375 0.21227810650887574 0.15234375 0.1849112426035503
2 0.445703125 0.5539940828402367 0.28828125 0.8890532544378699
2 0.131640625 0.5 0.26328125 0.5621301775147929
0 0.180859375 0.33505917159763315 0.13671875 0.22041420118343194
0 0.508984375 0.21227810650887574 0.15234375 0.1849112426035503
2 386 755 -527 74
2 0 337 -232 148
0 144 319 3 152
0 554 749 -44 81
2 386 755 -527 74
2 0 337 -232 148
0 144 319 3 152
0 554 749 -44 81
2 386 755 -527 74
2 0 337 -232 148
0 144 319 3 152
0 554 749 -44 81
