0 0.73984375 0.018055555555555554 0.0984375 0.03611111111111111
2 0.446484375 0.5 0.37109375 1.0
1 0.42734375 0.6576388888888889 0.328125 0.6847222222222222
0 0.437109375 0.1125 0.15078125 0.225
2 0.7390625 0.5 0.2984375 1.0
1 0.753125 0.3298611111111111 0.2359375 0.4930555555555556
0 0.73984375 0.018055555555555554 0.0984375 0.03611111111111111
2 334 809 -720 0
1 337 757 -266 227
0 463 656 -162 0
2 755 1137 -720 0
1 813 1115 -295 60
0 884 1010 -26 0
2 334 809 -720 0
1 337 757 -266 227
0 463 656 -162 0
2 755 1137 -720 0
1 813 1115 -295 60
0 884 1010 -26 0
2 334 809 -720 0
1 337 757 -266 227
0 463 656 -162 0
2 755 1137 -720 0
1 813 1115 -295 60
0 884 1010 -26 0
