2 415 683 153 720
2 159 379 96 680
2 52 239 185 713
1 59 203 263 465
1 174 315 180 352
1 441 609 235 439
0 518 608 156 240
0 216 303 93 158
0 89 187 188 239
2 415 153 268 567
2 159 96 220 584
2 52 185 187 528
1 59 263 144 202
1 174 180 141 172
1 441 235 168 204
0 518 156 90 84
0 216 93 87 65
0 89 188 98 51
2 549.0 436.5 268 567
2 269.0 388.0 220 584
2 145.5 449.0 187 528
1 131.0 364.0 144 202
1 244.5 266.0 141 172
1 525.0 337.0 168 204
0 563.0 198.0 90 84
0 259.5 125.5 87 65
0 138.0 213.5 98 51
