0 0.8567134268537074 0.4743975903614458 0.04609218436873747 0.07530120481927711
2 0.8176352705410822 0.5662650602409639 0.14829659318637275 0.26506024096385544
2 0.375751503006012 0.5376506024096386 0.09018036072144289 0.286144578313253
2 0.5160320641282565 0.6596385542168675 0.09418837675350701 0.2710843373493976
2 0.5781563126252505 0.32981927710843373 0.09418837675350701 0.22590361445783133
2 0.5961923847695391 0.5421686746987951 0.07414829659318638 0.24096385542168675
2 0.4729458917835671 0.40813253012048195 0.07615230460921844 0.23795180722891565
2 0.3997995991983968 0.39759036144578314 0.07014028056112225 0.1686746987951807
0 0.36172344689378755 0.42771084337349397 0.03006012024048096 0.05421686746987952
0 0.41082164328657317 0.3463855421686747 0.028056112224448898 0.060240963855421686
0 0.45991983967935873 0.32680722891566266 0.03807615230460922 0.0572289156626506
0 0.6052104208416834 0.4578313253012048 0.04809619238476954 0.060240963855421686
0 0.5260521042084169 0.5707831325301205 0.050100200400801605 0.06325301204819277
0 0.5981963927855711 0.24548192771084337 0.04609218436873747 0.0572289156626506
0 0.8567134268537074 0.4743975903614458 0.04609218436873747 0.07530120481927711
2 371 445 56 144
2 165 210 36 131
2 234 281 84 174
2 265 312 -3 72
2 279 316 60 140
2 217 255 17 96
2 182 217 48 104
0 173 188 115 133
0 198 212 85 105
0 220 239 80 99
0 290 314 122 142
0 250 275 158 179
0 287 310 53 72
0 416 439 120 145
2 371 445 56 144
2 165 210 36 131
2 234 281 84 174
2 265 312 -3 72
2 279 316 60 140
2 217 255 17 96
2 182 217 48 104
0 173 188 115 133
0 198 212 85 105
0 220 239 80 99
0 290 314 122 142
0 250 275 158 179
0 287 310 53 72
0 416 439 120 145
2 371 445 56 144
2 165 210 36 131
2 234 281 84 174
2 265 312 -3 72
2 279 316 60 140
2 217 255 17 96
2 182 217 48 104
0 173 188 115 133
0 198 212 85 105
0 220 239 80 99
0 290 314 122 142
0 250 275 158 179
0 287 310 53 72
0 416 439 120 145
